5.000000000000000000e-01 2.500000000000000000e-01 6.700000000000000000e+01 0.000000000000000000e+00 2.027027027027027140e-01
7.500000000000000000e-01 2.500000000000000000e-01 7.200000000000000000e+01 2.027027027027027140e-01 2.027027027027027140e-01
1.000000000000000000e+00 2.500000000000000000e-01 7.600000000000000000e+01 4.054054054054054279e-01 2.000000000000000111e-01
1.250000000000000000e+00 2.500000000000000000e-01 6.700000000000000000e+01 6.054054054054054390e-01 2.027027027027027140e-01
1.500000000000000000e+00 2.500000000000000000e-01 7.200000000000000000e+01 8.081081081081081807e-01 2.027027027027027140e-01
1.750000000000000000e+00 2.500000000000000000e-01 7.600000000000000000e+01 1.010810810810810922e+00 2.027027027027027140e-01
2.500000000000000000e+00 2.500000000000000000e-01 6.700000000000000000e+01 1.213513513513513553e+00 2.027027027027027140e-01
2.750000000000000000e+00 2.500000000000000000e-01 7.200000000000000000e+01 1.416216216216216184e+00 2.027027027027027140e-01
3.000000000000000000e+00 2.500000000000000000e-01 7.600000000000000000e+01 1.618918918918918814e+00 2.027027027027027140e-01
3.250000000000000000e+00 2.500000000000000000e-01 6.700000000000000000e+01 1.821621621621621445e+00 2.000000000000000111e-01
3.500000000000000000e+00 2.500000000000000000e-01 7.200000000000000000e+01 2.021621621621621401e+00 2.000000000000000111e-01
3.750000000000000000e+00 2.500000000000000000e-01 7.600000000000000000e+01 2.221621621621621578e+00 2.000000000000000111e-01
4.500000000000000000e+00 2.500000000000000000e-01 6.900000000000000000e+01 2.421621621621621756e+00 2.027027027027027140e-01
4.750000000000000000e+00 2.500000000000000000e-01 7.400000000000000000e+01 2.624324324324324387e+00 1.973684210526315819e-01
5.000000000000000000e+00 2.500000000000000000e-01 7.700000000000000000e+01 2.821692745376955802e+00 1.923076923076923184e-01
5.250000000000000000e+00 2.500000000000000000e-01 6.900000000000000000e+01 3.014000437684648315e+00 1.973684210526315819e-01
5.500000000000000000e+00 2.500000000000000000e-01 7.400000000000000000e+01 3.211368858737279730e+00 1.973684210526315819e-01
5.750000000000000000e+00 2.500000000000000000e-01 7.700000000000000000e+01 3.408737279789911145e+00 1.973684210526315819e-01
6.500000000000000000e+00 2.500000000000000000e-01 6.900000000000000000e+01 3.606105700842542561e+00 2.000000000000000111e-01
6.750000000000000000e+00 2.500000000000000000e-01 7.400000000000000000e+01 3.806105700842542738e+00 1.948051948051948146e-01
7.000000000000000000e+00 2.500000000000000000e-01 7.700000000000000000e+01 4.000910895647737497e+00 1.898734177215190000e-01
7.250000000000000000e+00 2.500000000000000000e-01 6.900000000000000000e+01 4.190784313369256608e+00 1.948051948051948146e-01
7.500000000000000000e+00 2.500000000000000000e-01 7.400000000000000000e+01 4.385589508174451367e+00 1.948051948051948146e-01
7.750000000000000000e+00 2.500000000000000000e-01 7.700000000000000000e+01 4.580394702979646127e+00 2.027027027027027140e-01
8.500000000000000000e+00 2.500000000000000000e-01 6.700000000000000000e+01 4.783097405682348757e+00 2.000000000000000111e-01
8.750000000000000000e+00 2.500000000000000000e-01 7.400000000000000000e+01 4.983097405682348935e+00 1.948051948051948146e-01
9.000000000000000000e+00 2.500000000000000000e-01 7.700000000000000000e+01 5.177902600487543694e+00 1.875000000000000000e-01
9.250000000000000000e+00 2.500000000000000000e-01 6.700000000000000000e+01 5.365402600487543694e+00 1.948051948051948146e-01
9.500000000000000000e+00 2.500000000000000000e-01 7.400000000000000000e+01 5.560207795292738453e+00 1.948051948051948146e-01
9.750000000000000000e+00 2.500000000000000000e-01 7.700000000000000000e+01 5.755012990097933212e+00 1.948051948051948146e-01
1.050000000000000000e+01 2.500000000000000000e-01 6.700000000000000000e+01 5.949818184903127971e+00 2.000000000000000111e-01
1.075000000000000000e+01 2.500000000000000000e-01 7.400000000000000000e+01 6.149818184903128149e+00 1.973684210526315819e-01
1.100000000000000000e+01 2.500000000000000000e-01 7.700000000000000000e+01 6.347186605955760008e+00 1.923076923076923184e-01
1.125000000000000000e+01 2.500000000000000000e-01 6.700000000000000000e+01 6.539494298263452521e+00 1.973684210526315819e-01
1.150000000000000000e+01 2.500000000000000000e-01 7.400000000000000000e+01 6.736862719316084380e+00 1.973684210526315819e-01
1.175000000000000000e+01 2.500000000000000000e-01 7.700000000000000000e+01 6.934231140368716240e+00 2.054794520547945091e-01
1.250000000000000000e+01 2.500000000000000000e-01 6.700000000000000000e+01 7.139710592423511137e+00 1.973684210526315819e-01
1.275000000000000000e+01 2.500000000000000000e-01 7.200000000000000000e+01 7.337079013476142997e+00 1.973684210526315819e-01
1.300000000000000000e+01 2.500000000000000000e-01 7.600000000000000000e+01 7.534447434528774856e+00 1.898734177215190000e-01
1.325000000000000000e+01 2.500000000000000000e-01 6.700000000000000000e+01 7.724320852250293967e+00 1.973684210526315819e-01
1.350000000000000000e+01 2.500000000000000000e-01 7.200000000000000000e+01 7.921689273302925827e+00 1.973684210526315819e-01
1.375000000000000000e+01 2.500000000000000000e-01 7.600000000000000000e+01 8.119057694355557686e+00 2.054794520547945091e-01
1.450000000000000000e+01 2.500000000000000000e-01 6.700000000000000000e+01 8.324537146410351696e+00 1.973684210526315819e-01
1.475000000000000000e+01 2.500000000000000000e-01 7.200000000000000000e+01 8.521905567462983555e+00 1.973684210526315819e-01
1.500000000000000000e+01 2.500000000000000000e-01 7.600000000000000000e+01 8.719273988515615414e+00 1.923076923076923184e-01
1.525000000000000000e+01 2.500000000000000000e-01 6.700000000000000000e+01 8.911581680823307039e+00 1.973684210526315819e-01
1.550000000000000000e+01 2.500000000000000000e-01 7.200000000000000000e+01 9.108950101875938898e+00 1.973684210526315819e-01
1.575000000000000000e+01 2.500000000000000000e-01 7.600000000000000000e+01 9.306318522928570758e+00 1.973684210526315819e-01
1.650000000000000000e+01 2.500000000000000000e-01 6.900000000000000000e+01 9.503686943981202617e+00 2.027027027027027140e-01
1.675000000000000000e+01 2.500000000000000000e-01 7.600000000000000000e+01 9.706389646683906136e+00 1.973684210526315819e-01
1.700000000000000000e+01 2.500000000000000000e-01 8.100000000000000000e+01 9.903758067736537996e+00 1.923076923076923184e-01
1.725000000000000000e+01 2.500000000000000000e-01 6.900000000000000000e+01 1.009606576004422962e+01 1.973684210526315819e-01
1.750000000000000000e+01 2.500000000000000000e-01 7.600000000000000000e+01 1.029343418109686148e+01 1.973684210526315819e-01
1.775000000000000000e+01 2.500000000000000000e-01 8.100000000000000000e+01 1.049080260214949334e+01 1.973684210526315819e-01
1.850000000000000000e+01 2.500000000000000000e-01 6.900000000000000000e+01 1.068817102320212520e+01 2.027027027027027140e-01
1.875000000000000000e+01 2.500000000000000000e-01 7.600000000000000000e+01 1.089087372590482872e+01 1.973684210526315819e-01
1.900000000000000000e+01 2.500000000000000000e-01 8.100000000000000000e+01 1.108824214695746058e+01 1.923076923076923184e-01
1.925000000000000000e+01 2.500000000000000000e-01 6.900000000000000000e+01 1.128054983926515220e+01 1.973684210526315819e-01
1.950000000000000000e+01 2.500000000000000000e-01 7.600000000000000000e+01 1.147791826031778406e+01 1.973684210526315819e-01
1.975000000000000000e+01 2.500000000000000000e-01 8.100000000000000000e+01 1.167528668137041592e+01 2.000000000000000111e-01
2.050000000000000000e+01 2.500000000000000000e-01 6.600000000000000000e+01 1.187528668137041521e+01 1.973684210526315819e-01
2.075000000000000000e+01 2.500000000000000000e-01 6.900000000000000000e+01 1.207265510242304707e+01 1.973684210526315819e-01
2.100000000000000000e+01 2.500000000000000000e-01 7.400000000000000000e+01 1.227002352347567893e+01 1.898734177215190000e-01
2.125000000000000000e+01 2.500000000000000000e-01 6.600000000000000000e+01 1.245989694119719715e+01 1.948051948051948146e-01
2.150000000000000000e+01 2.500000000000000000e-01 6.900000000000000000e+01 1.265470213600239191e+01 1.948051948051948146e-01
2.175000000000000000e+01 2.500000000000000000e-01 7.400000000000000000e+01 1.284950733080758667e+01 1.948051948051948146e-01
2.250000000000000000e+01 2.500000000000000000e-01 6.600000000000000000e+01 1.304431252561278143e+01 2.000000000000000111e-01
2.275000000000000000e+01 2.500000000000000000e-01 6.900000000000000000e+01 1.324431252561278072e+01 2.000000000000000111e-01
2.300000000000000000e+01 2.500000000000000000e-01 7.400000000000000000e+01 1.344431252561278001e+01 1.948051948051948146e-01
2.325000000000000000e+01 2.500000000000000000e-01 6.600000000000000000e+01 1.363911772041797477e+01 1.948051948051948146e-01
2.350000000000000000e+01 2.500000000000000000e-01 6.900000000000000000e+01 1.383392291522316953e+01 1.948051948051948146e-01
2.375000000000000000e+01 2.500000000000000000e-01 7.400000000000000000e+01 1.402872811002836428e+01 2.054794520547945091e-01
2.450000000000000000e+01 2.500000000000000000e-01 6.700000000000000000e+01 1.423420756208315829e+01 2.000000000000000111e-01
2.475000000000000000e+01 2.500000000000000000e-01 7.400000000000000000e+01 1.443420756208315758e+01 1.948051948051948146e-01
2.500000000000000000e+01 2.500000000000000000e-01 7.900000000000000000e+01 1.462901275688835234e+01 1.923076923076923184e-01
2.525000000000000000e+01 2.500000000000000000e-01 6.700000000000000000e+01 1.482132044919604397e+01 1.948051948051948146e-01
2.550000000000000000e+01 2.500000000000000000e-01 7.400000000000000000e+01 1.501612564400123873e+01 1.948051948051948146e-01
2.575000000000000000e+01 2.500000000000000000e-01 7.900000000000000000e+01 1.521093083880643348e+01 2.027027027027027140e-01
2.650000000000000000e+01 2.500000000000000000e-01 6.700000000000000000e+01 1.541363354150913700e+01 2.000000000000000111e-01
2.675000000000000000e+01 2.500000000000000000e-01 7.400000000000000000e+01 1.561363354150913629e+01 1.948051948051948146e-01
2.700000000000000000e+01 2.500000000000000000e-01 7.900000000000000000e+01 1.580843873631433105e+01 1.948051948051948146e-01
2.725000000000000000e+01 2.500000000000000000e-01 6.700000000000000000e+01 1.600324393111952759e+01 1.948051948051948146e-01
2.750000000000000000e+01 2.500000000000000000e-01 7.400000000000000000e+01 1.619804912592472235e+01 1.948051948051948146e-01
2.775000000000000000e+01 2.500000000000000000e-01 7.900000000000000000e+01 1.639285432072991711e+01 2.054794520547945091e-01
2.850000000000000000e+01 2.500000000000000000e-01 6.400000000000000000e+01 1.659833377278471289e+01 2.000000000000000111e-01
2.875000000000000000e+01 2.500000000000000000e-01 6.700000000000000000e+01 1.679833377278471218e+01 2.000000000000000111e-01
2.900000000000000000e+01 2.500000000000000000e-01 7.200000000000000000e+01 1.699833377278471147e+01 1.948051948051948146e-01
2.925000000000000000e+01 2.500000000000000000e-01 6.400000000000000000e+01 1.719313896758990623e+01 1.948051948051948146e-01
2.950000000000000000e+01 2.500000000000000000e-01 6.700000000000000000e+01 1.738794416239510099e+01 1.948051948051948146e-01
2.975000000000000000e+01 2.500000000000000000e-01 7.200000000000000000e+01 1.758274935720029575e+01 2.027027027027027140e-01
3.050000000000000000e+01 2.500000000000000000e-01 6.400000000000000000e+01 1.778545205990299749e+01 1.973684210526315819e-01
3.075000000000000000e+01 2.500000000000000000e-01 6.700000000000000000e+01 1.798282048095562757e+01 1.973684210526315819e-01
3.100000000000000000e+01 2.500000000000000000e-01 7.200000000000000000e+01 1.818018890200825766e+01 1.948051948051948146e-01
3.125000000000000000e+01 2.500000000000000000e-01 6.400000000000000000e+01 1.837499409681345242e+01 1.948051948051948146e-01
3.150000000000000000e+01 2.500000000000000000e-01 6.700000000000000000e+01 1.856979929161864717e+01 1.948051948051948146e-01
3.175000000000000000e+01 2.500000000000000000e-01 7.200000000000000000e+01 1.876460448642384193e+01 2.054794520547945091e-01
3.250000000000000000e+01 2.500000000000000000e-01 6.400000000000000000e+01 1.897008393847863772e+01 1.973684210526315819e-01
3.275000000000000000e+01 2.500000000000000000e-01 6.700000000000000000e+01 1.916745235953126780e+01 1.973684210526315819e-01
3.300000000000000000e+01 2.500000000000000000e-01 7.200000000000000000e+01 1.936482078058389789e+01 1.973684210526315819e-01
3.325000000000000000e+01 2.500000000000000000e-01 6.400000000000000000e+01 1.956218920163652797e+01 2.027027027027027140e-01
3.350000000000000000e+01 2.500000000000000000e-01 6.700000000000000000e+01 1.976489190433922971e+01 2.027027027027027140e-01
3.375000000000000000e+01 2.500000000000000000e-01 7.200000000000000000e+01 1.996759460704193145e+01 2.027027027027027140e-01
3.450000000000000000e+01 2.500000000000000000e-01 6.400000000000000000e+01 2.017029730974463320e+01 2.000000000000000111e-01
3.475000000000000000e+01 2.500000000000000000e-01 6.700000000000000000e+01 2.037029730974463249e+01 2.000000000000000111e-01
3.500000000000000000e+01 2.500000000000000000e-01 7.200000000000000000e+01 2.057029730974463178e+01 2.000000000000000111e-01
3.525000000000000000e+01 2.500000000000000000e-01 6.400000000000000000e+01 2.077029730974463106e+01 2.054794520547945091e-01
3.550000000000000000e+01 2.500000000000000000e-01 6.700000000000000000e+01 2.097577676179942685e+01 2.054794520547945091e-01
3.575000000000000000e+01 2.500000000000000000e-01 7.200000000000000000e+01 2.118125621385422264e+01 2.173913043478260809e-01
3.650000000000000000e+01 2.500000000000000000e-01 6.200000000000000000e+01 2.139864751820204702e+01 2.054794520547945091e-01
3.675000000000000000e+01 2.500000000000000000e-01 6.600000000000000000e+01 2.160412697025684281e+01 2.000000000000000111e-01
3.700000000000000000e+01 2.500000000000000000e-01 7.200000000000000000e+01 2.180412697025684210e+01 2.000000000000000111e-01
3.725000000000000000e+01 2.500000000000000000e-01 6.200000000000000000e+01 2.200412697025684139e+01 2.000000000000000111e-01
3.750000000000000000e+01 2.500000000000000000e-01 6.600000000000000000e+01 2.220412697025684068e+01 2.000000000000000111e-01
3.775000000000000000e+01 2.500000000000000000e-01 7.200000000000000000e+01 2.240412697025683997e+01 2.000000000000000111e-01
3.850000000000000000e+01 2.500000000000000000e-01 6.200000000000000000e+01 2.260412697025683926e+01 2.054794520547945091e-01
3.875000000000000000e+01 2.500000000000000000e-01 6.600000000000000000e+01 2.280960642231163504e+01 2.000000000000000111e-01
3.900000000000000000e+01 2.500000000000000000e-01 7.200000000000000000e+01 2.300960642231163433e+01 2.000000000000000111e-01
3.925000000000000000e+01 2.500000000000000000e-01 6.200000000000000000e+01 2.320960642231163362e+01 2.000000000000000111e-01
3.950000000000000000e+01 2.500000000000000000e-01 6.600000000000000000e+01 2.340960642231163291e+01 2.000000000000000111e-01
3.975000000000000000e+01 2.500000000000000000e-01 7.200000000000000000e+01 2.360960642231163220e+01 2.054794520547945091e-01
4.050000000000000000e+01 2.500000000000000000e-01 6.200000000000000000e+01 2.381508587436642799e+01 2.000000000000000111e-01
4.075000000000000000e+01 2.500000000000000000e-01 6.700000000000000000e+01 2.401508587436642728e+01 2.000000000000000111e-01
4.100000000000000000e+01 2.500000000000000000e-01 7.100000000000000000e+01 2.421508587436642657e+01 1.973684210526315819e-01
4.125000000000000000e+01 2.500000000000000000e-01 6.200000000000000000e+01 2.441245429541905665e+01 1.973684210526315819e-01
4.150000000000000000e+01 2.500000000000000000e-01 6.700000000000000000e+01 2.460982271647168673e+01 1.973684210526315819e-01
4.175000000000000000e+01 2.500000000000000000e-01 7.100000000000000000e+01 2.480719113752431682e+01 1.973684210526315819e-01
4.250000000000000000e+01 2.500000000000000000e-01 6.200000000000000000e+01 2.500455955857694690e+01 2.000000000000000111e-01
4.275000000000000000e+01 2.500000000000000000e-01 6.700000000000000000e+01 2.520455955857694619e+01 2.000000000000000111e-01
4.300000000000000000e+01 2.500000000000000000e-01 7.100000000000000000e+01 2.540455955857694548e+01 1.948051948051948146e-01
4.325000000000000000e+01 2.500000000000000000e-01 6.200000000000000000e+01 2.559936475338214024e+01 1.948051948051948146e-01
4.350000000000000000e+01 2.500000000000000000e-01 6.700000000000000000e+01 2.579416994818733500e+01 1.948051948051948146e-01
4.375000000000000000e+01 2.500000000000000000e-01 7.100000000000000000e+01 2.598897514299252975e+01 2.027027027027027140e-01
4.450000000000000000e+01 2.500000000000000000e-01 6.400000000000000000e+01 2.619167784569523150e+01 2.000000000000000111e-01
4.475000000000000000e+01 2.500000000000000000e-01 6.700000000000000000e+01 2.639167784569523079e+01 2.000000000000000111e-01
4.500000000000000000e+01 2.500000000000000000e-01 7.300000000000000000e+01 2.659167784569523008e+01 1.948051948051948146e-01
4.525000000000000000e+01 2.500000000000000000e-01 6.400000000000000000e+01 2.678648304050042483e+01 1.948051948051948146e-01
4.550000000000000000e+01 2.500000000000000000e-01 6.700000000000000000e+01 2.698128823530561959e+01 1.948051948051948146e-01
4.575000000000000000e+01 2.500000000000000000e-01 7.300000000000000000e+01 2.717609343011081435e+01 2.054794520547945091e-01
4.650000000000000000e+01 2.500000000000000000e-01 6.400000000000000000e+01 2.738157288216561014e+01 2.000000000000000111e-01
4.675000000000000000e+01 2.500000000000000000e-01 6.700000000000000000e+01 2.758157288216560943e+01 2.000000000000000111e-01
4.700000000000000000e+01 2.500000000000000000e-01 7.300000000000000000e+01 2.778157288216560872e+01 1.973684210526315819e-01
4.725000000000000000e+01 2.500000000000000000e-01 6.400000000000000000e+01 2.797894130321823880e+01 1.973684210526315819e-01
4.750000000000000000e+01 2.500000000000000000e-01 6.700000000000000000e+01 2.817630972427086888e+01 1.973684210526315819e-01
4.775000000000000000e+01 2.500000000000000000e-01 7.300000000000000000e+01 2.837367814532349897e+01 2.054794520547945091e-01
4.850000000000000000e+01 2.500000000000000000e-01 6.200000000000000000e+01 2.857915759737829475e+01 2.000000000000000111e-01
4.875000000000000000e+01 2.500000000000000000e-01 6.900000000000000000e+01 2.877915759737829404e+01 2.000000000000000111e-01
4.900000000000000000e+01 2.500000000000000000e-01 7.400000000000000000e+01 2.897915759737829333e+01 1.973684210526315819e-01
4.925000000000000000e+01 2.500000000000000000e-01 6.200000000000000000e+01 2.917652601843092341e+01 1.973684210526315819e-01
4.950000000000000000e+01 2.500000000000000000e-01 6.900000000000000000e+01 2.937389443948355350e+01 1.973684210526315819e-01
4.975000000000000000e+01 2.500000000000000000e-01 7.400000000000000000e+01 2.957126286053618358e+01 1.973684210526315819e-01
5.050000000000000000e+01 2.500000000000000000e-01 6.200000000000000000e+01 2.976863128158881366e+01 2.000000000000000111e-01
5.075000000000000000e+01 2.500000000000000000e-01 6.900000000000000000e+01 2.996863128158881295e+01 2.000000000000000111e-01
5.100000000000000000e+01 2.500000000000000000e-01 7.400000000000000000e+01 3.016863128158881224e+01 1.973684210526315819e-01
5.125000000000000000e+01 2.500000000000000000e-01 6.200000000000000000e+01 3.036599970264144233e+01 1.973684210526315819e-01
5.150000000000000000e+01 2.500000000000000000e-01 6.900000000000000000e+01 3.056336812369407241e+01 1.973684210526315819e-01
5.175000000000000000e+01 2.500000000000000000e-01 7.400000000000000000e+01 3.076073654474670249e+01 2.083333333333333426e-01
5.250000000000000000e+01 2.500000000000000000e-01 6.200000000000000000e+01 3.096906987808003464e+01 2.000000000000000111e-01
5.275000000000000000e+01 2.500000000000000000e-01 6.500000000000000000e+01 3.116906987808003393e+01 2.000000000000000111e-01
5.300000000000000000e+01 2.500000000000000000e-01 7.100000000000000000e+01 3.136906987808003322e+01 1.973684210526315819e-01
5.325000000000000000e+01 2.500000000000000000e-01 6.200000000000000000e+01 3.156643829913266330e+01 1.973684210526315819e-01
5.350000000000000000e+01 2.500000000000000000e-01 6.500000000000000000e+01 3.176380672018529339e+01 1.973684210526315819e-01
5.375000000000000000e+01 2.500000000000000000e-01 7.100000000000000000e+01 3.196117514123792347e+01 1.973684210526315819e-01
5.450000000000000000e+01 2.500000000000000000e-01 6.200000000000000000e+01 3.215854356229055355e+01 2.000000000000000111e-01
5.475000000000000000e+01 2.500000000000000000e-01 6.500000000000000000e+01 3.235854356229055639e+01 2.000000000000000111e-01
5.500000000000000000e+01 2.500000000000000000e-01 7.100000000000000000e+01 3.255854356229055924e+01 1.973684210526315819e-01
5.525000000000000000e+01 2.500000000000000000e-01 6.200000000000000000e+01 3.275591198334318932e+01 1.973684210526315819e-01
5.550000000000000000e+01 2.500000000000000000e-01 6.500000000000000000e+01 3.295328040439581940e+01 1.973684210526315819e-01
5.575000000000000000e+01 2.500000000000000000e-01 7.100000000000000000e+01 3.315064882544844949e+01 2.054794520547945091e-01
5.650000000000000000e+01 2.500000000000000000e-01 6.000000000000000000e+01 3.335612827750324527e+01 2.000000000000000111e-01
5.675000000000000000e+01 2.500000000000000000e-01 6.700000000000000000e+01 3.355612827750324811e+01 2.000000000000000111e-01
5.700000000000000000e+01 2.500000000000000000e-01 7.200000000000000000e+01 3.375612827750325096e+01 1.948051948051948146e-01
5.725000000000000000e+01 2.500000000000000000e-01 6.000000000000000000e+01 3.395093347230844927e+01 1.948051948051948146e-01
5.750000000000000000e+01 2.500000000000000000e-01 6.700000000000000000e+01 3.414573866711364758e+01 1.948051948051948146e-01
5.775000000000000000e+01 2.500000000000000000e-01 7.200000000000000000e+01 3.434054386191884589e+01 1.948051948051948146e-01
5.850000000000000000e+01 2.500000000000000000e-01 6.000000000000000000e+01 3.453534905672404420e+01 2.000000000000000111e-01
5.875000000000000000e+01 2.500000000000000000e-01 6.700000000000000000e+01 3.473534905672404705e+01 2.000000000000000111e-01
5.900000000000000000e+01 2.500000000000000000e-01 7.200000000000000000e+01 3.493534905672404989e+01 1.948051948051948146e-01
5.925000000000000000e+01 2.500000000000000000e-01 6.000000000000000000e+01 3.513015425152924820e+01 1.948051948051948146e-01
5.950000000000000000e+01 2.500000000000000000e-01 6.700000000000000000e+01 3.532495944633444651e+01 1.948051948051948146e-01
5.975000000000000000e+01 2.500000000000000000e-01 7.200000000000000000e+01 3.551976464113964482e+01 2.112676056338028130e-01
6.050000000000000000e+01 2.500000000000000000e-01 5.700000000000000000e+01 3.573103224677344514e+01 2.000000000000000111e-01
6.075000000000000000e+01 2.500000000000000000e-01 6.000000000000000000e+01 3.593103224677344798e+01 2.000000000000000111e-01
6.100000000000000000e+01 2.500000000000000000e-01 6.500000000000000000e+01 3.613103224677345082e+01 1.973684210526315819e-01
6.125000000000000000e+01 2.500000000000000000e-01 5.700000000000000000e+01 3.632840066782608091e+01 1.973684210526315819e-01
6.150000000000000000e+01 2.500000000000000000e-01 6.000000000000000000e+01 3.652576908887871099e+01 1.973684210526315819e-01
6.175000000000000000e+01 2.500000000000000000e-01 6.500000000000000000e+01 3.672313750993134107e+01 1.973684210526315819e-01
6.250000000000000000e+01 2.500000000000000000e-01 5.700000000000000000e+01 3.692050593098397115e+01 2.000000000000000111e-01
6.275000000000000000e+01 2.500000000000000000e-01 6.000000000000000000e+01 3.712050593098397400e+01 2.000000000000000111e-01
6.300000000000000000e+01 2.500000000000000000e-01 6.500000000000000000e+01 3.732050593098397684e+01 1.973684210526315819e-01
6.325000000000000000e+01 2.500000000000000000e-01 5.700000000000000000e+01 3.751787435203660692e+01 1.973684210526315819e-01
6.350000000000000000e+01 2.500000000000000000e-01 6.000000000000000000e+01 3.771524277308923701e+01 1.973684210526315819e-01
6.375000000000000000e+01 2.500000000000000000e-01 6.500000000000000000e+01 3.791261119414186709e+01 2.142857142857142738e-01
6.450000000000000000e+01 2.500000000000000000e-01 5.700000000000000000e+01 3.812689690842758239e+01 2.000000000000000111e-01
6.475000000000000000e+01 2.500000000000000000e-01 6.000000000000000000e+01 3.832689690842758523e+01 2.000000000000000111e-01
6.500000000000000000e+01 2.500000000000000000e-01 6.500000000000000000e+01 3.852689690842758807e+01 1.973684210526315819e-01
6.525000000000000000e+01 2.500000000000000000e-01 5.700000000000000000e+01 3.872426532948021816e+01 1.973684210526315819e-01
6.550000000000000000e+01 2.500000000000000000e-01 6.000000000000000000e+01 3.892163375053284824e+01 1.973684210526315819e-01
6.575000000000000000e+01 2.500000000000000000e-01 6.500000000000000000e+01 3.911900217158547832e+01 2.112676056338028130e-01
6.650000000000000000e+01 2.500000000000000000e-01 5.700000000000000000e+01 3.933026977721927864e+01 2.000000000000000111e-01
6.675000000000000000e+01 2.500000000000000000e-01 6.000000000000000000e+01 3.953026977721928148e+01 2.000000000000000111e-01
6.700000000000000000e+01 2.500000000000000000e-01 6.500000000000000000e+01 3.973026977721928432e+01 2.000000000000000111e-01
6.725000000000000000e+01 2.500000000000000000e-01 5.700000000000000000e+01 3.993026977721928716e+01 2.000000000000000111e-01
6.750000000000000000e+01 2.500000000000000000e-01 6.000000000000000000e+01 4.013026977721929001e+01 2.000000000000000111e-01
6.775000000000000000e+01 2.500000000000000000e-01 6.500000000000000000e+01 4.033026977721929285e+01 2.142857142857142738e-01
6.850000000000000000e+01 2.500000000000000000e-01 5.500000000000000000e+01 4.054455549150500815e+01 2.000000000000000111e-01
6.875000000000000000e+01 2.500000000000000000e-01 5.900000000000000000e+01 4.074455549150501099e+01 2.000000000000000111e-01
6.900000000000000000e+01 2.500000000000000000e-01 6.500000000000000000e+01 4.094455549150501383e+01 2.000000000000000111e-01
6.925000000000000000e+01 2.500000000000000000e-01 5.500000000000000000e+01 4.114455549150501668e+01 2.000000000000000111e-01
6.950000000000000000e+01 2.500000000000000000e-01 5.900000000000000000e+01 4.134455549150501952e+01 2.000000000000000111e-01
6.975000000000000000e+01 2.500000000000000000e-01 6.500000000000000000e+01 4.154455549150502236e+01 2.000000000000000111e-01
7.050000000000000000e+01 2.500000000000000000e-01 5.500000000000000000e+01 4.174455549150502520e+01 2.000000000000000111e-01
7.075000000000000000e+01 2.500000000000000000e-01 5.900000000000000000e+01 4.194455549150502804e+01 2.000000000000000111e-01
7.100000000000000000e+01 2.500000000000000000e-01 6.500000000000000000e+01 4.214455549150503089e+01 2.000000000000000111e-01
7.125000000000000000e+01 2.500000000000000000e-01 5.500000000000000000e+01 4.234455549150503373e+01 2.000000000000000111e-01
7.150000000000000000e+01 2.500000000000000000e-01 5.900000000000000000e+01 4.254455549150503657e+01 2.000000000000000111e-01
7.175000000000000000e+01 2.500000000000000000e-01 6.500000000000000000e+01 4.274455549150503941e+01 2.000000000000000111e-01
7.250000000000000000e+01 2.500000000000000000e-01 5.500000000000000000e+01 4.294455549150504226e+01 2.054794520547945091e-01
7.275000000000000000e+01 2.500000000000000000e-01 6.000000000000000000e+01 4.315003494355983804e+01 2.000000000000000111e-01
7.300000000000000000e+01 2.500000000000000000e-01 6.400000000000000000e+01 4.335003494355984088e+01 2.000000000000000111e-01
7.325000000000000000e+01 2.500000000000000000e-01 5.500000000000000000e+01 4.355003494355984373e+01 2.000000000000000111e-01
7.350000000000000000e+01 2.500000000000000000e-01 6.000000000000000000e+01 4.375003494355984657e+01 2.000000000000000111e-01
7.375000000000000000e+01 2.500000000000000000e-01 6.400000000000000000e+01 4.395003494355984941e+01 2.000000000000000111e-01
7.450000000000000000e+01 2.500000000000000000e-01 5.500000000000000000e+01 4.415003494355985225e+01 2.054794520547945091e-01
7.475000000000000000e+01 2.500000000000000000e-01 6.000000000000000000e+01 4.435551439561464804e+01 2.000000000000000111e-01
7.500000000000000000e+01 2.500000000000000000e-01 6.400000000000000000e+01 4.455551439561465088e+01 2.000000000000000111e-01
7.525000000000000000e+01 2.500000000000000000e-01 5.500000000000000000e+01 4.475551439561465372e+01 2.000000000000000111e-01
7.550000000000000000e+01 2.500000000000000000e-01 6.000000000000000000e+01 4.495551439561465656e+01 2.000000000000000111e-01
7.575000000000000000e+01 2.500000000000000000e-01 6.400000000000000000e+01 4.515551439561465941e+01 2.000000000000000111e-01
7.650000000000000000e+01 2.500000000000000000e-01 5.800000000000000000e+01 4.535551439561466225e+01 2.000000000000000111e-01
7.675000000000000000e+01 2.500000000000000000e-01 6.000000000000000000e+01 4.555551439561466509e+01 2.000000000000000111e-01
7.700000000000000000e+01 2.500000000000000000e-01 6.400000000000000000e+01 4.575551439561466793e+01 1.948051948051948146e-01
7.725000000000000000e+01 2.500000000000000000e-01 5.800000000000000000e+01 4.595031959041986624e+01 2.000000000000000111e-01
7.750000000000000000e+01 2.500000000000000000e-01 6.000000000000000000e+01 4.615031959041986909e+01 2.000000000000000111e-01
7.775000000000000000e+01 2.500000000000000000e-01 6.400000000000000000e+01 4.635031959041987193e+01 2.000000000000000111e-01
7.850000000000000000e+01 2.500000000000000000e-01 5.800000000000000000e+01 4.655031959041987477e+01 2.000000000000000111e-01
7.875000000000000000e+01 2.500000000000000000e-01 6.000000000000000000e+01 4.675031959041987761e+01 2.000000000000000111e-01
7.900000000000000000e+01 2.500000000000000000e-01 6.400000000000000000e+01 4.695031959041988046e+01 1.948051948051948146e-01
7.925000000000000000e+01 2.500000000000000000e-01 5.800000000000000000e+01 4.714512478522507877e+01 2.000000000000000111e-01
7.950000000000000000e+01 2.500000000000000000e-01 6.000000000000000000e+01 4.734512478522508161e+01 2.000000000000000111e-01
7.975000000000000000e+01 2.500000000000000000e-01 6.400000000000000000e+01 4.754512478522508445e+01 2.173913043478260809e-01
8.050000000000000000e+01 2.500000000000000000e-01 5.700000000000000000e+01 4.776251608957291239e+01 2.000000000000000111e-01
8.075000000000000000e+01 2.500000000000000000e-01 6.000000000000000000e+01 4.796251608957291523e+01 2.000000000000000111e-01
8.100000000000000000e+01 2.500000000000000000e-01 6.400000000000000000e+01 4.816251608957291808e+01 1.973684210526315819e-01
8.125000000000000000e+01 2.500000000000000000e-01 5.700000000000000000e+01 4.835988451062554816e+01 1.973684210526315819e-01
8.150000000000000000e+01 2.500000000000000000e-01 6.000000000000000000e+01 4.855725293167817824e+01 1.973684210526315819e-01
8.175000000000000000e+01 2.500000000000000000e-01 6.400000000000000000e+01 4.875462135273080833e+01 1.973684210526315819e-01
8.250000000000000000e+01 2.500000000000000000e-01 5.700000000000000000e+01 4.895198977378343841e+01 2.000000000000000111e-01
8.275000000000000000e+01 2.500000000000000000e-01 6.000000000000000000e+01 4.915198977378344125e+01 2.000000000000000111e-01
8.300000000000000000e+01 2.500000000000000000e-01 6.400000000000000000e+01 4.935198977378344409e+01 1.973684210526315819e-01
8.325000000000000000e+01 2.500000000000000000e-01 5.700000000000000000e+01 4.954935819483607418e+01 1.973684210526315819e-01
8.350000000000000000e+01 2.500000000000000000e-01 6.000000000000000000e+01 4.974672661588870426e+01 1.973684210526315819e-01
8.375000000000000000e+01 2.500000000000000000e-01 6.400000000000000000e+01 4.994409503694133434e+01 2.142857142857142738e-01
8.450000000000000000e+01 2.500000000000000000e-01 5.700000000000000000e+01 5.015838075122704964e+01 2.054794520547945091e-01
8.475000000000000000e+01 2.500000000000000000e-01 6.000000000000000000e+01 5.036386020328184543e+01 2.054794520547945091e-01
8.500000000000000000e+01 2.500000000000000000e-01 6.300000000000000000e+01 5.056933965533664121e+01 2.000000000000000111e-01
8.525000000000000000e+01 2.500000000000000000e-01 5.700000000000000000e+01 5.076933965533664406e+01 2.000000000000000111e-01
8.550000000000000000e+01 2.500000000000000000e-01 6.000000000000000000e+01 5.096933965533664690e+01 2.000000000000000111e-01
8.575000000000000000e+01 2.500000000000000000e-01 6.300000000000000000e+01 5.116933965533664974e+01 2.000000000000000111e-01
8.650000000000000000e+01 2.500000000000000000e-01 5.700000000000000000e+01 5.136933965533665258e+01 2.054794520547945091e-01
8.675000000000000000e+01 2.500000000000000000e-01 6.000000000000000000e+01 5.157481910739144837e+01 2.054794520547945091e-01
8.700000000000000000e+01 2.500000000000000000e-01 6.300000000000000000e+01 5.178029855944624416e+01 2.000000000000000111e-01
8.725000000000000000e+01 2.500000000000000000e-01 5.700000000000000000e+01 5.198029855944624700e+01 2.000000000000000111e-01
8.750000000000000000e+01 2.500000000000000000e-01 6.000000000000000000e+01 5.218029855944624984e+01 2.000000000000000111e-01
8.775000000000000000e+01 2.500000000000000000e-01 6.300000000000000000e+01 5.238029855944625268e+01 2.343750000000000000e-01
8.850000000000000000e+01 2.500000000000000000e-01 5.900000000000000000e+01 5.261467355944625268e+01 1.973684210526315819e-01
8.875000000000000000e+01 2.500000000000000000e-01 6.000000000000000000e+01 5.281204198049888277e+01 1.973684210526315819e-01
8.900000000000000000e+01 2.500000000000000000e-01 6.200000000000000000e+01 5.300941040155151285e+01 1.973684210526315819e-01
8.925000000000000000e+01 2.500000000000000000e-01 5.900000000000000000e+01 5.320677882260414293e+01 1.923076923076923184e-01
8.950000000000000000e+01 2.500000000000000000e-01 6.000000000000000000e+01 5.339908651491183633e+01 1.923076923076923184e-01
8.975000000000000000e+01 2.500000000000000000e-01 6.200000000000000000e+01 5.359139420721952973e+01 2.054794520547945091e-01
9.050000000000000000e+01 2.500000000000000000e-01 5.900000000000000000e+01 5.379687365927432552e+01 1.973684210526315819e-01
9.075000000000000000e+01 2.500000000000000000e-01 6.000000000000000000e+01 5.399424208032695560e+01 1.973684210526315819e-01
9.100000000000000000e+01 2.500000000000000000e-01 6.200000000000000000e+01 5.419161050137958568e+01 1.973684210526315819e-01
9.125000000000000000e+01 2.500000000000000000e-01 5.900000000000000000e+01 5.438897892243221577e+01 1.948051948051948146e-01
9.150000000000000000e+01 2.500000000000000000e-01 6.000000000000000000e+01 5.458378411723741408e+01 1.948051948051948146e-01
9.175000000000000000e+01 2.500000000000000000e-01 6.200000000000000000e+01 5.477858931204261239e+01 2.054794520547945091e-01
9.250000000000000000e+01 2.500000000000000000e-01 5.500000000000000000e+01 5.498406876409740818e+01 2.054794520547945091e-01
9.275000000000000000e+01 2.500000000000000000e-01 5.900000000000000000e+01 5.518954821615220396e+01 1.973684210526315819e-01
9.300000000000000000e+01 2.500000000000000000e-01 6.200000000000000000e+01 5.538691663720483405e+01 1.973684210526315819e-01
9.325000000000000000e+01 2.500000000000000000e-01 5.500000000000000000e+01 5.558428505825746413e+01 1.973684210526315819e-01
9.350000000000000000e+01 2.500000000000000000e-01 5.900000000000000000e+01 5.578165347931009421e+01 1.973684210526315819e-01
9.375000000000000000e+01 2.500000000000000000e-01 6.200000000000000000e+01 5.597902190036272430e+01 1.973684210526315819e-01
9.450000000000000000e+01 2.500000000000000000e-01 5.500000000000000000e+01 5.617639032141535438e+01 2.027027027027027140e-01
9.475000000000000000e+01 2.500000000000000000e-01 5.900000000000000000e+01 5.637909302411805612e+01 1.973684210526315819e-01
9.500000000000000000e+01 2.500000000000000000e-01 6.200000000000000000e+01 5.657646144517068620e+01 1.973684210526315819e-01
9.525000000000000000e+01 2.500000000000000000e-01 5.500000000000000000e+01 5.677382986622331629e+01 1.973684210526315819e-01
9.550000000000000000e+01 2.500000000000000000e-01 5.900000000000000000e+01 5.697119828727594637e+01 1.973684210526315819e-01
9.575000000000000000e+01 2.500000000000000000e-01 6.200000000000000000e+01 5.716856670832857645e+01 2.083333333333333426e-01
9.650000000000000000e+01 2.500000000000000000e-01 5.500000000000000000e+01 5.737690004166191216e+01 2.000000000000000111e-01
9.675000000000000000e+01 2.500000000000000000e-01 6.000000000000000000e+01 5.757690004166191500e+01 2.000000000000000111e-01
9.700000000000000000e+01 2.500000000000000000e-01 6.400000000000000000e+01 5.777690004166191784e+01 1.973684210526315819e-01
9.725000000000000000e+01 2.500000000000000000e-01 5.500000000000000000e+01 5.797426846271454792e+01 1.973684210526315819e-01
9.750000000000000000e+01 2.500000000000000000e-01 6.000000000000000000e+01 5.817163688376717801e+01 1.973684210526315819e-01
9.775000000000000000e+01 2.500000000000000000e-01 6.400000000000000000e+01 5.836900530481980809e+01 1.973684210526315819e-01
9.850000000000000000e+01 2.500000000000000000e-01 5.500000000000000000e+01 5.856637372587243817e+01 2.000000000000000111e-01
9.875000000000000000e+01 2.500000000000000000e-01 6.000000000000000000e+01 5.876637372587244101e+01 2.000000000000000111e-01
9.900000000000000000e+01 2.500000000000000000e-01 6.400000000000000000e+01 5.896637372587244386e+01 1.973684210526315819e-01
9.925000000000000000e+01 2.500000000000000000e-01 5.500000000000000000e+01 5.916374214692507394e+01 1.973684210526315819e-01
9.950000000000000000e+01 2.500000000000000000e-01 6.000000000000000000e+01 5.936111056797770402e+01 1.973684210526315819e-01
9.975000000000000000e+01 2.500000000000000000e-01 6.400000000000000000e+01 5.955847898903033411e+01 1.973684210526315819e-01
1.005000000000000000e+02 2.500000000000000000e-01 5.500000000000000000e+01 5.975584741008296419e+01 1.973684210526315819e-01
1.007500000000000000e+02 2.500000000000000000e-01 6.000000000000000000e+01 5.995321583113559427e+01 1.973684210526315819e-01
1.010000000000000000e+02 2.500000000000000000e-01 6.500000000000000000e+01 6.015058425218822435e+01 1.923076923076923184e-01
1.012500000000000000e+02 2.500000000000000000e-01 5.500000000000000000e+01 6.034289194449591776e+01 1.923076923076923184e-01
1.015000000000000000e+02 2.500000000000000000e-01 6.000000000000000000e+01 6.053519963680361116e+01 1.923076923076923184e-01
1.017500000000000000e+02 2.500000000000000000e-01 6.500000000000000000e+01 6.072750732911130456e+01 2.054794520547945091e-01
1.025000000000000000e+02 2.500000000000000000e-01 5.500000000000000000e+01 6.093298678116610034e+01 2.000000000000000111e-01
1.027500000000000000e+02 2.500000000000000000e-01 6.000000000000000000e+01 6.113298678116610319e+01 2.000000000000000111e-01
1.030000000000000000e+02 2.500000000000000000e-01 6.500000000000000000e+01 6.133298678116610603e+01 1.923076923076923184e-01
1.032500000000000000e+02 2.500000000000000000e-01 5.500000000000000000e+01 6.152529447347379943e+01 1.923076923076923184e-01
1.035000000000000000e+02 2.500000000000000000e-01 6.000000000000000000e+01 6.171760216578149283e+01 1.948051948051948146e-01
1.037500000000000000e+02 2.500000000000000000e-01 6.500000000000000000e+01 6.191240736058669114e+01 2.054794520547945091e-01
1.045000000000000000e+02 2.500000000000000000e-01 5.500000000000000000e+01 6.211788681264148693e+01 2.000000000000000111e-01
1.047500000000000000e+02 2.500000000000000000e-01 5.900000000000000000e+01 6.231788681264148977e+01 2.000000000000000111e-01
1.050000000000000000e+02 2.500000000000000000e-01 6.500000000000000000e+01 6.251788681264149261e+01 1.948051948051948146e-01
1.052500000000000000e+02 2.500000000000000000e-01 5.500000000000000000e+01 6.271269200744669092e+01 1.948051948051948146e-01
1.055000000000000000e+02 2.500000000000000000e-01 5.900000000000000000e+01 6.290749720225188923e+01 1.948051948051948146e-01
1.057500000000000000e+02 2.500000000000000000e-01 6.500000000000000000e+01 6.310230239705708755e+01 1.948051948051948146e-01
1.065000000000000000e+02 2.500000000000000000e-01 5.500000000000000000e+01 6.329710759186228586e+01 2.000000000000000111e-01
1.067500000000000000e+02 2.500000000000000000e-01 5.900000000000000000e+01 6.349710759186228870e+01 2.000000000000000111e-01
1.070000000000000000e+02 2.500000000000000000e-01 6.500000000000000000e+01 6.369710759186229154e+01 1.948051948051948146e-01
1.072500000000000000e+02 2.500000000000000000e-01 5.500000000000000000e+01 6.389191278666748985e+01 1.948051948051948146e-01
1.075000000000000000e+02 2.500000000000000000e-01 5.900000000000000000e+01 6.408671798147268817e+01 1.948051948051948146e-01
1.077500000000000000e+02 2.500000000000000000e-01 6.500000000000000000e+01 6.428152317627788648e+01 2.054794520547945091e-01
1.085000000000000000e+02 2.500000000000000000e-01 5.700000000000000000e+01 6.448700262833267516e+01 2.000000000000000111e-01
1.087500000000000000e+02 2.500000000000000000e-01 6.000000000000000000e+01 6.468700262833267800e+01 2.000000000000000111e-01
1.090000000000000000e+02 2.500000000000000000e-01 6.600000000000000000e+01 6.488700262833268084e+01 2.000000000000000111e-01
1.092500000000000000e+02 2.500000000000000000e-01 5.700000000000000000e+01 6.508700262833268368e+01 2.054794520547945091e-01
1.095000000000000000e+02 2.500000000000000000e-01 6.000000000000000000e+01 6.529248208038747237e+01 2.054794520547945091e-01
1.097500000000000000e+02 2.500000000000000000e-01 6.600000000000000000e+01 6.549796153244226105e+01 2.054794520547945091e-01
1.105000000000000000e+02 2.500000000000000000e-01 5.700000000000000000e+01 6.570344098449704973e+01 2.000000000000000111e-01
1.107500000000000000e+02 2.500000000000000000e-01 6.000000000000000000e+01 6.590344098449705257e+01 2.000000000000000111e-01
1.110000000000000000e+02 2.500000000000000000e-01 6.600000000000000000e+01 6.610344098449705541e+01 2.000000000000000111e-01
1.112500000000000000e+02 2.500000000000000000e-01 5.700000000000000000e+01 6.630344098449705825e+01 2.054794520547945091e-01
1.115000000000000000e+02 2.500000000000000000e-01 6.000000000000000000e+01 6.650892043655184693e+01 2.054794520547945091e-01
1.117500000000000000e+02 2.500000000000000000e-01 6.600000000000000000e+01 6.671439988860663561e+01 2.173913043478260809e-01
1.125000000000000000e+02 2.500000000000000000e-01 5.500000000000000000e+01 6.693179119295446355e+01 2.142857142857142738e-01
1.127500000000000000e+02 2.500000000000000000e-01 6.000000000000000000e+01 6.714607690724017175e+01 2.000000000000000111e-01
1.130000000000000000e+02 2.500000000000000000e-01 6.700000000000000000e+01 6.734607690724017459e+01 2.000000000000000111e-01
1.132500000000000000e+02 2.500000000000000000e-01 5.500000000000000000e+01 6.754607690724017743e+01 2.000000000000000111e-01
1.135000000000000000e+02 2.500000000000000000e-01 6.000000000000000000e+01 6.774607690724018028e+01 2.000000000000000111e-01
1.137500000000000000e+02 2.500000000000000000e-01 6.700000000000000000e+01 6.794607690724018312e+01 2.000000000000000111e-01
1.145000000000000000e+02 2.500000000000000000e-01 5.500000000000000000e+01 6.814607690724018596e+01 2.112676056338028130e-01
1.147500000000000000e+02 2.500000000000000000e-01 6.000000000000000000e+01 6.835734451287399338e+01 2.000000000000000111e-01
1.150000000000000000e+02 2.500000000000000000e-01 6.700000000000000000e+01 6.855734451287399622e+01 2.000000000000000111e-01
1.152500000000000000e+02 2.500000000000000000e-01 5.500000000000000000e+01 6.875734451287399907e+01 2.000000000000000111e-01
1.155000000000000000e+02 2.500000000000000000e-01 6.000000000000000000e+01 6.895734451287400191e+01 2.000000000000000111e-01
1.157500000000000000e+02 2.500000000000000000e-01 6.700000000000000000e+01 6.915734451287400475e+01 2.142857142857142738e-01
1.165000000000000000e+02 2.500000000000000000e-01 5.500000000000000000e+01 6.937163022715971294e+01 2.000000000000000111e-01
1.167500000000000000e+02 2.500000000000000000e-01 6.000000000000000000e+01 6.957163022715971579e+01 2.000000000000000111e-01
1.170000000000000000e+02 2.500000000000000000e-01 6.500000000000000000e+01 6.977163022715971863e+01 2.000000000000000111e-01
1.172500000000000000e+02 2.500000000000000000e-01 5.500000000000000000e+01 6.997163022715972147e+01 1.973684210526315819e-01
1.175000000000000000e+02 2.500000000000000000e-01 6.000000000000000000e+01 7.016899864821235155e+01 1.973684210526315819e-01
1.177500000000000000e+02 2.500000000000000000e-01 6.500000000000000000e+01 7.036636706926498164e+01 1.973684210526315819e-01
1.185000000000000000e+02 2.500000000000000000e-01 5.500000000000000000e+01 7.056373549031761172e+01 2.000000000000000111e-01
1.187500000000000000e+02 2.500000000000000000e-01 6.000000000000000000e+01 7.076373549031761456e+01 2.000000000000000111e-01
1.190000000000000000e+02 2.500000000000000000e-01 6.500000000000000000e+01 7.096373549031761740e+01 2.000000000000000111e-01
1.192500000000000000e+02 2.500000000000000000e-01 5.500000000000000000e+01 7.116373549031762025e+01 1.973684210526315819e-01
1.195000000000000000e+02 2.500000000000000000e-01 6.000000000000000000e+01 7.136110391137025033e+01 1.973684210526315819e-01
1.197500000000000000e+02 2.500000000000000000e-01 6.500000000000000000e+01 7.155847233242288041e+01 1.973684210526315819e-01
1.205000000000000000e+02 2.500000000000000000e-01 5.500000000000000000e+01 7.175584075347551050e+01 2.000000000000000111e-01
1.207500000000000000e+02 2.500000000000000000e-01 5.900000000000000000e+01 7.195584075347551334e+01 2.000000000000000111e-01
1.210000000000000000e+02 2.500000000000000000e-01 6.500000000000000000e+01 7.215584075347551618e+01 2.000000000000000111e-01
1.212500000000000000e+02 2.500000000000000000e-01 5.500000000000000000e+01 7.235584075347551902e+01 2.000000000000000111e-01
1.215000000000000000e+02 2.500000000000000000e-01 5.900000000000000000e+01 7.255584075347552186e+01 2.000000000000000111e-01
1.217500000000000000e+02 2.500000000000000000e-01 6.500000000000000000e+01 7.275584075347552471e+01 2.000000000000000111e-01
1.225000000000000000e+02 2.500000000000000000e-01 5.500000000000000000e+01 7.295584075347552755e+01 2.000000000000000111e-01
1.227500000000000000e+02 2.500000000000000000e-01 5.900000000000000000e+01 7.315584075347553039e+01 2.000000000000000111e-01
1.230000000000000000e+02 2.500000000000000000e-01 6.500000000000000000e+01 7.335584075347553323e+01 2.000000000000000111e-01
1.232500000000000000e+02 2.500000000000000000e-01 5.500000000000000000e+01 7.355584075347553608e+01 2.000000000000000111e-01
1.235000000000000000e+02 2.500000000000000000e-01 5.900000000000000000e+01 7.375584075347553892e+01 2.000000000000000111e-01
1.237500000000000000e+02 2.500000000000000000e-01 6.500000000000000000e+01 7.395584075347554176e+01 2.000000000000000111e-01
1.245000000000000000e+02 2.500000000000000000e-01 5.500000000000000000e+01 7.415584075347554460e+01 2.054794520547945091e-01
1.247500000000000000e+02 2.500000000000000000e-01 5.800000000000000000e+01 7.436132020553033328e+01 2.054794520547945091e-01
1.250000000000000000e+02 2.500000000000000000e-01 6.400000000000000000e+01 7.456679965758512196e+01 2.000000000000000111e-01
1.252500000000000000e+02 2.500000000000000000e-01 5.500000000000000000e+01 7.476679965758512481e+01 2.000000000000000111e-01
1.255000000000000000e+02 2.500000000000000000e-01 5.800000000000000000e+01 7.496679965758512765e+01 2.000000000000000111e-01
1.257500000000000000e+02 2.500000000000000000e-01 6.400000000000000000e+01 7.516679965758513049e+01 2.142857142857142738e-01
1.265000000000000000e+02 2.500000000000000000e-01 5.500000000000000000e+01 7.538108537187083869e+01 2.054794520547945091e-01
1.267500000000000000e+02 2.500000000000000000e-01 5.800000000000000000e+01 7.558656482392562737e+01 2.054794520547945091e-01
1.270000000000000000e+02 2.500000000000000000e-01 6.400000000000000000e+01 7.579204427598041605e+01 2.000000000000000111e-01
1.272500000000000000e+02 2.500000000000000000e-01 5.500000000000000000e+01 7.599204427598041889e+01 2.000000000000000111e-01
1.275000000000000000e+02 2.500000000000000000e-01 5.800000000000000000e+01 7.619204427598042173e+01 2.000000000000000111e-01
1.277500000000000000e+02 2.500000000000000000e-01 6.400000000000000000e+01 7.639204427598042457e+01 2.112676056338028130e-01
1.285000000000000000e+02 2.500000000000000000e-01 5.300000000000000000e+01 7.660331188161423199e+01 2.054794520547945091e-01
1.287500000000000000e+02 2.500000000000000000e-01 5.700000000000000000e+01 7.680879133366902067e+01 2.000000000000000111e-01
1.290000000000000000e+02 2.500000000000000000e-01 6.000000000000000000e+01 7.700879133366902352e+01 2.000000000000000111e-01
1.292500000000000000e+02 2.500000000000000000e-01 6.500000000000000000e+01 7.720879133366902636e+01 2.054794520547945091e-01
1.295000000000000000e+02 2.500000000000000000e-01 6.000000000000000000e+01 7.741427078572381504e+01 2.054794520547945091e-01
1.297500000000000000e+02 2.500000000000000000e-01 5.700000000000000000e+01 7.761975023777860372e+01 2.054794520547945091e-01
1.300000000000000000e+02 2.500000000000000000e-01 6.000000000000000000e+01 7.782522968983339240e+01 1.973684210526315819e-01
1.302500000000000000e+02 2.500000000000000000e-01 5.700000000000000000e+01 7.802259811088602248e+01 2.054794520547945091e-01
1.305000000000000000e+02 2.500000000000000000e-01 5.300000000000000000e+01 7.822807756294081116e+01 2.054794520547945091e-01
1.307500000000000000e+02 2.500000000000000000e-01 5.700000000000000000e+01 7.843355701499559984e+01 2.054794520547945091e-01
1.310000000000000000e+02 2.500000000000000000e-01 5.300000000000000000e+01 7.863903646705038852e+01 2.112676056338028130e-01
1.312500000000000000e+02 2.500000000000000000e-01 5.000000000000000000e+01 7.885030407268419594e+01 2.112676056338028130e-01
1.315000000000000000e+02 2.500000000000000000e-01 5.300000000000000000e+01 7.906157167831800336e+01 2.272727272727272652e-01
1.317500000000000000e+02 2.500000000000000000e-01 5.000000000000000000e+01 7.928884440559073710e+01 2.500000000000000000e-01
1.325000000000000000e+02 2.500000000000000000e-01 6.700000000000000000e+01 7.953884440559073710e+01 2.112676056338028130e-01
1.327500000000000000e+02 2.500000000000000000e-01 7.100000000000000000e+01 7.975011201122454452e+01 2.112676056338028130e-01
1.330000000000000000e+02 2.500000000000000000e-01 7.400000000000000000e+01 7.996137961685835194e+01 2.112676056338028130e-01
1.332500000000000000e+02 2.500000000000000000e-01 7.700000000000000000e+01 8.017264722249215936e+01 2.112676056338028130e-01
1.335000000000000000e+02 2.500000000000000000e-01 7.400000000000000000e+01 8.038391482812596678e+01 2.112676056338028130e-01
1.337500000000000000e+02 2.500000000000000000e-01 7.100000000000000000e+01 8.059518243375977420e+01 2.112676056338028130e-01
1.340000000000000000e+02 2.500000000000000000e-01 7.400000000000000000e+01 8.080645003939358162e+01 2.380952380952380820e-01
1.342500000000000000e+02 2.500000000000000000e-01 7.100000000000000000e+01 8.104454527748882242e+01 2.380952380952380820e-01
1.345000000000000000e+02 2.500000000000000000e-01 6.700000000000000000e+01 8.128264051558406322e+01 2.380952380952380820e-01
1.347500000000000000e+02 2.500000000000000000e-01 7.100000000000000000e+01 8.152073575367930403e+01 2.380952380952380820e-01
1.350000000000000000e+02 2.500000000000000000e-01 6.200000000000000000e+01 8.175883099177454483e+01 2.830188679245282946e-01
1.352500000000000000e+02 2.500000000000000000e-01 6.500000000000000000e+01 8.204184985969907018e+01 2.999999999999999889e-01
1.355000000000000000e+02 2.500000000000000000e-01 6.400000000000000000e+01 8.234184985969906734e+01 3.333333333333333148e-01
1.357500000000000000e+02 2.500000000000000000e-01 6.200000000000000000e+01 8.267518319303239593e+01 4.838709677419354982e-01
1.360000000000000000e+02 2.750000000000000000e+00 7.200000000000000000e+01 8.315905416077433188e+01 5.322580645161290036e+00
0.000000000000000000e+00 2.000000000000000000e+00 6.000000000000000000e+01 8.848163480593562724e+01 nan
2.500000000000000000e-01 1.750000000000000000e+00 6.400000000000000000e+01 nan nan
2.000000000000000000e+00 2.000000000000000000e+00 6.000000000000000000e+01 nan nan
2.250000000000000000e+00 1.750000000000000000e+00 6.400000000000000000e+01 nan nan
4.000000000000000000e+00 2.000000000000000000e+00 6.000000000000000000e+01 nan nan
4.250000000000000000e+00 1.750000000000000000e+00 6.200000000000000000e+01 nan nan
6.000000000000000000e+00 2.000000000000000000e+00 6.000000000000000000e+01 nan nan
6.250000000000000000e+00 1.750000000000000000e+00 6.200000000000000000e+01 nan nan
8.000000000000000000e+00 2.000000000000000000e+00 5.900000000000000000e+01 nan nan
8.250000000000000000e+00 1.750000000000000000e+00 6.200000000000000000e+01 nan nan
1.000000000000000000e+01 2.000000000000000000e+00 5.900000000000000000e+01 nan nan
1.025000000000000000e+01 1.750000000000000000e+00 6.200000000000000000e+01 nan nan
1.200000000000000000e+01 2.000000000000000000e+00 6.000000000000000000e+01 nan nan
1.225000000000000000e+01 1.750000000000000000e+00 6.400000000000000000e+01 nan nan
1.400000000000000000e+01 2.000000000000000000e+00 6.000000000000000000e+01 nan nan
1.425000000000000000e+01 1.750000000000000000e+00 6.400000000000000000e+01 nan nan
1.600000000000000000e+01 2.000000000000000000e+00 6.000000000000000000e+01 nan nan
1.625000000000000000e+01 1.750000000000000000e+00 6.400000000000000000e+01 nan nan
1.800000000000000000e+01 2.000000000000000000e+00 6.000000000000000000e+01 nan nan
1.825000000000000000e+01 1.750000000000000000e+00 6.400000000000000000e+01 nan nan
2.000000000000000000e+01 2.000000000000000000e+00 6.000000000000000000e+01 nan nan
2.025000000000000000e+01 1.750000000000000000e+00 6.200000000000000000e+01 nan nan
2.200000000000000000e+01 2.000000000000000000e+00 6.000000000000000000e+01 nan nan
2.225000000000000000e+01 1.750000000000000000e+00 6.200000000000000000e+01 nan nan
2.400000000000000000e+01 2.000000000000000000e+00 5.900000000000000000e+01 nan nan
2.425000000000000000e+01 1.750000000000000000e+00 6.200000000000000000e+01 nan nan
2.600000000000000000e+01 2.000000000000000000e+00 5.900000000000000000e+01 nan nan
2.625000000000000000e+01 1.750000000000000000e+00 6.200000000000000000e+01 nan nan
2.800000000000000000e+01 2.000000000000000000e+00 5.900000000000000000e+01 nan nan
2.825000000000000000e+01 1.750000000000000000e+00 6.000000000000000000e+01 nan nan
3.000000000000000000e+01 2.000000000000000000e+00 5.900000000000000000e+01 nan nan
3.025000000000000000e+01 1.750000000000000000e+00 6.000000000000000000e+01 nan nan
3.200000000000000000e+01 2.000000000000000000e+00 5.700000000000000000e+01 nan nan
3.225000000000000000e+01 1.750000000000000000e+00 6.000000000000000000e+01 nan nan
3.400000000000000000e+01 2.000000000000000000e+00 5.700000000000000000e+01 nan nan
3.425000000000000000e+01 1.750000000000000000e+00 6.000000000000000000e+01 nan nan
3.600000000000000000e+01 2.000000000000000000e+00 5.000000000000000000e+01 nan nan
3.625000000000000000e+01 1.750000000000000000e+00 5.700000000000000000e+01 nan nan
3.800000000000000000e+01 2.000000000000000000e+00 5.000000000000000000e+01 nan nan
3.825000000000000000e+01 1.750000000000000000e+00 5.700000000000000000e+01 nan nan
4.000000000000000000e+01 2.000000000000000000e+00 5.500000000000000000e+01 nan nan
4.025000000000000000e+01 1.750000000000000000e+00 5.900000000000000000e+01 nan nan
4.200000000000000000e+01 2.000000000000000000e+00 5.500000000000000000e+01 nan nan
4.225000000000000000e+01 1.750000000000000000e+00 5.900000000000000000e+01 nan nan
4.400000000000000000e+01 2.000000000000000000e+00 5.500000000000000000e+01 nan nan
4.425000000000000000e+01 1.750000000000000000e+00 5.800000000000000000e+01 nan nan
4.600000000000000000e+01 2.000000000000000000e+00 5.500000000000000000e+01 nan nan
4.625000000000000000e+01 1.750000000000000000e+00 5.800000000000000000e+01 nan nan
4.800000000000000000e+01 2.000000000000000000e+00 5.300000000000000000e+01 nan nan
4.825000000000000000e+01 1.750000000000000000e+00 5.700000000000000000e+01 nan nan
5.000000000000000000e+01 2.000000000000000000e+00 5.300000000000000000e+01 nan nan
5.025000000000000000e+01 1.750000000000000000e+00 5.700000000000000000e+01 nan nan
5.200000000000000000e+01 2.000000000000000000e+00 5.300000000000000000e+01 nan nan
5.225000000000000000e+01 1.750000000000000000e+00 5.600000000000000000e+01 nan nan
5.400000000000000000e+01 2.000000000000000000e+00 5.300000000000000000e+01 nan nan
5.425000000000000000e+01 1.750000000000000000e+00 5.600000000000000000e+01 nan nan
5.600000000000000000e+01 2.000000000000000000e+00 5.200000000000000000e+01 nan nan
5.625000000000000000e+01 1.750000000000000000e+00 5.500000000000000000e+01 nan nan
5.800000000000000000e+01 2.000000000000000000e+00 5.200000000000000000e+01 nan nan
5.825000000000000000e+01 1.750000000000000000e+00 5.500000000000000000e+01 nan nan
6.000000000000000000e+01 2.000000000000000000e+00 5.200000000000000000e+01 nan nan
6.025000000000000000e+01 1.750000000000000000e+00 5.300000000000000000e+01 nan nan
6.200000000000000000e+01 2.000000000000000000e+00 5.200000000000000000e+01 nan nan
6.225000000000000000e+01 1.750000000000000000e+00 5.300000000000000000e+01 nan nan
6.400000000000000000e+01 2.000000000000000000e+00 5.000000000000000000e+01 nan nan
6.425000000000000000e+01 1.750000000000000000e+00 5.300000000000000000e+01 nan nan
6.600000000000000000e+01 2.000000000000000000e+00 5.000000000000000000e+01 nan nan
6.625000000000000000e+01 1.750000000000000000e+00 5.300000000000000000e+01 nan nan
6.800000000000000000e+01 2.000000000000000000e+00 4.300000000000000000e+01 nan nan
6.825000000000000000e+01 1.750000000000000000e+00 5.000000000000000000e+01 nan nan
7.000000000000000000e+01 2.000000000000000000e+00 4.300000000000000000e+01 nan nan
7.025000000000000000e+01 1.750000000000000000e+00 5.000000000000000000e+01 nan nan
7.200000000000000000e+01 2.000000000000000000e+00 4.800000000000000000e+01 nan nan
7.225000000000000000e+01 1.750000000000000000e+00 5.200000000000000000e+01 nan nan
7.400000000000000000e+01 2.000000000000000000e+00 4.800000000000000000e+01 nan nan
7.425000000000000000e+01 1.750000000000000000e+00 5.200000000000000000e+01 nan nan
7.600000000000000000e+01 2.000000000000000000e+00 4.800000000000000000e+01 nan nan
7.625000000000000000e+01 1.750000000000000000e+00 5.500000000000000000e+01 nan nan
7.800000000000000000e+01 2.000000000000000000e+00 4.800000000000000000e+01 nan nan
7.825000000000000000e+01 1.750000000000000000e+00 5.500000000000000000e+01 nan nan
8.000000000000000000e+01 2.000000000000000000e+00 4.100000000000000000e+01 nan nan
8.025000000000000000e+01 1.750000000000000000e+00 5.300000000000000000e+01 nan nan
8.200000000000000000e+01 2.000000000000000000e+00 4.100000000000000000e+01 nan nan
8.225000000000000000e+01 1.750000000000000000e+00 5.300000000000000000e+01 nan nan
8.400000000000000000e+01 2.000000000000000000e+00 4.200000000000000000e+01 nan nan
8.425000000000000000e+01 1.750000000000000000e+00 4.800000000000000000e+01 nan nan
8.600000000000000000e+01 2.000000000000000000e+00 4.200000000000000000e+01 nan nan
8.625000000000000000e+01 1.750000000000000000e+00 4.800000000000000000e+01 nan nan
8.800000000000000000e+01 2.000000000000000000e+00 4.400000000000000000e+01 nan nan
8.825000000000000000e+01 1.750000000000000000e+00 5.300000000000000000e+01 nan nan
9.000000000000000000e+01 2.000000000000000000e+00 4.400000000000000000e+01 nan nan
9.025000000000000000e+01 1.750000000000000000e+00 5.300000000000000000e+01 nan nan
9.200000000000000000e+01 2.000000000000000000e+00 4.300000000000000000e+01 nan nan
9.225000000000000000e+01 1.750000000000000000e+00 5.300000000000000000e+01 nan nan
9.400000000000000000e+01 2.000000000000000000e+00 4.300000000000000000e+01 nan nan
9.425000000000000000e+01 1.750000000000000000e+00 5.300000000000000000e+01 nan nan
9.600000000000000000e+01 2.000000000000000000e+00 4.300000000000000000e+01 nan nan
9.625000000000000000e+01 1.750000000000000000e+00 5.200000000000000000e+01 nan nan
9.800000000000000000e+01 2.000000000000000000e+00 4.300000000000000000e+01 nan nan
9.825000000000000000e+01 1.750000000000000000e+00 5.200000000000000000e+01 nan nan
1.000000000000000000e+02 2.000000000000000000e+00 4.300000000000000000e+01 nan nan
1.002500000000000000e+02 1.750000000000000000e+00 5.000000000000000000e+01 nan nan
1.020000000000000000e+02 2.000000000000000000e+00 4.300000000000000000e+01 nan nan
1.022500000000000000e+02 1.750000000000000000e+00 5.000000000000000000e+01 nan nan
1.040000000000000000e+02 2.000000000000000000e+00 4.300000000000000000e+01 nan nan
1.042500000000000000e+02 1.750000000000000000e+00 5.000000000000000000e+01 nan nan
1.060000000000000000e+02 2.000000000000000000e+00 4.300000000000000000e+01 nan nan
1.062500000000000000e+02 1.750000000000000000e+00 5.000000000000000000e+01 nan nan
1.080000000000000000e+02 2.000000000000000000e+00 4.300000000000000000e+01 nan nan
1.082500000000000000e+02 1.750000000000000000e+00 5.100000000000000000e+01 nan nan
1.100000000000000000e+02 2.000000000000000000e+00 4.300000000000000000e+01 nan nan
1.102500000000000000e+02 1.750000000000000000e+00 5.100000000000000000e+01 nan nan
1.120000000000000000e+02 2.000000000000000000e+00 4.300000000000000000e+01 nan nan
1.122500000000000000e+02 1.750000000000000000e+00 5.200000000000000000e+01 nan nan
1.140000000000000000e+02 2.000000000000000000e+00 4.300000000000000000e+01 nan nan
1.142500000000000000e+02 1.750000000000000000e+00 5.200000000000000000e+01 nan nan
1.160000000000000000e+02 2.000000000000000000e+00 4.300000000000000000e+01 nan nan
1.162500000000000000e+02 1.750000000000000000e+00 5.000000000000000000e+01 nan nan
1.180000000000000000e+02 2.000000000000000000e+00 4.300000000000000000e+01 nan nan
1.182500000000000000e+02 1.750000000000000000e+00 5.000000000000000000e+01 nan nan
1.200000000000000000e+02 2.000000000000000000e+00 4.300000000000000000e+01 nan nan
1.202500000000000000e+02 1.750000000000000000e+00 5.000000000000000000e+01 nan nan
1.220000000000000000e+02 2.000000000000000000e+00 4.300000000000000000e+01 nan nan
1.222500000000000000e+02 1.750000000000000000e+00 5.000000000000000000e+01 nan nan
1.240000000000000000e+02 2.000000000000000000e+00 3.600000000000000000e+01 nan nan
1.242500000000000000e+02 1.750000000000000000e+00 4.800000000000000000e+01 nan nan
1.260000000000000000e+02 2.000000000000000000e+00 3.600000000000000000e+01 nan nan
1.262500000000000000e+02 1.750000000000000000e+00 4.800000000000000000e+01 nan nan
1.280000000000000000e+02 3.750000000000000000e+00 3.600000000000000000e+01 nan nan
1.282500000000000000e+02 3.500000000000000000e+00 4.800000000000000000e+01 nan nan
1.320000000000000000e+02 3.750000000000000000e+00 3.600000000000000000e+01 nan nan
1.322500000000000000e+02 3.500000000000000000e+00 5.000000000000000000e+01 nan nan
1.360000000000000000e+02 2.750000000000000000e+00 3.600000000000000000e+01 nan nan
