Number of notes: 758

onset_beats
duration_beats
midi_pitch
ir_symbol

1.5,0.25,72,P
1.75,0.25,76,P
2.0,0.5,0,rest
2.5,0.25,67,P
2.75,0.25,72,P
3.0,0.25,76,P
3.25,0.25,67,P
3.5,0.25,72,P
3.75,0.25,76,P
4.0,0.5,0,rest
4.5,0.25,69,P
4.75,0.25,74,P
5.0,0.25,77,P
5.25,0.25,69,P
5.5,0.25,74,P
5.75,0.25,77,P
6.0,0.5,0,rest
6.5,0.25,69,P
6.75,0.25,74,P
7.0,0.25,77,P
7.25,0.25,69,P
7.5,0.25,74,P
7.75,0.25,77,P
8.0,0.5,0,rest
8.5,0.25,67,P
8.75,0.25,74,P
9.0,0.25,77,P
9.25,0.25,67,P
9.5,0.25,74,P
9.75,0.25,77,P
10.0,0.5,0,rest
10.5,0.25,67,P
10.75,0.25,74,P
11.0,0.25,77,P
11.25,0.25,67,P
11.5,0.25,74,P
11.75,0.25,77,P
12.0,0.5,0,rest
12.5,0.25,67,P
12.75,0.25,72,P
13.0,0.25,76,P
13.25,0.25,67,P
13.5,0.25,72,P
13.75,0.25,76,P
14.0,0.5,0,rest
14.5,0.25,67,P
14.75,0.25,72,P
15.0,0.25,76,P
15.25,0.25,67,P
15.5,0.25,72,P
15.75,0.25,76,P
16.0,0.5,0,rest
16.5,0.25,69,P
16.75,0.25,76,P
17.0,0.25,81,P
17.25,0.25,69,P
17.5,0.25,76,P
17.75,0.25,81,P
18.0,0.5,0,rest
18.5,0.25,69,P
18.75,0.25,76,P
19.0,0.25,81,P
19.25,0.25,69,P
19.5,0.25,76,P
19.75,0.25,81,P
20.0,0.5,0,rest
20.5,0.25,66,P
20.75,0.25,69,P
21.0,0.25,74,P
21.25,0.25,66,P
21.5,0.25,69,P
21.75,0.25,74,P
22.0,0.5,0,rest
22.5,0.25,66,P
22.75,0.25,69,P
23.0,0.25,74,P
23.25,0.25,66,P
23.5,0.25,69,P
23.75,0.25,74,P
24.0,0.5,0,rest
24.5,0.25,67,P
24.75,0.25,74,P
25.0,0.25,79,P
25.25,0.25,67,P
25.5,0.25,74,P
25.75,0.25,79,P
26.0,0.5,0,rest
26.5,0.25,67,P
26.75,0.25,74,P
27.0,0.25,79,P
27.25,0.25,67,P
27.5,0.25,74,P
27.75,0.25,79,P
28.0,0.5,0,rest
28.5,0.25,64,P
28.75,0.25,67,P
29.0,0.25,72,P
29.25,0.25,64,P
29.5,0.25,67,P
29.75,0.25,72,P
30.0,0.5,0,rest
30.5,0.25,64,P
30.75,0.25,67,P
31.0,0.25,72,P
31.25,0.25,64,P
31.5,0.25,67,P
31.75,0.25,72,P
32.0,0.5,0,rest
32.5,0.25,64,P
32.75,0.25,67,P
33.0,0.25,72,P
33.25,0.25,64,P
33.5,0.25,67,P
33.75,0.25,72,P
34.0,0.5,0,rest
34.5,0.25,64,P
34.75,0.25,67,P
35.0,0.25,72,P
35.25,0.25,64,P
35.5,0.25,67,P
35.75,0.25,72,P
36.0,0.5,0,rest
36.5,0.25,62,P
36.75,0.25,66,P
37.0,0.25,72,P
37.25,0.25,62,P
37.5,0.25,66,P
37.75,0.25,72,P
38.0,0.5,0,rest
38.5,0.25,62,P
38.75,0.25,66,P
39.0,0.25,72,P
39.25,0.25,62,P
39.5,0.25,66,P
39.75,0.25,72,P
40.0,0.5,0,rest
40.5,0.25,62,P
40.75,0.25,67,P
41.0,0.25,71,P
41.25,0.25,62,P
41.5,0.25,67,P
41.75,0.25,71,P
42.0,0.5,0,rest
42.5,0.25,62,P
42.75,0.25,67,P
43.0,0.25,71,P
43.25,0.25,62,P
43.5,0.25,67,P
43.75,0.25,71,P
44.0,0.5,0,rest
44.5,0.25,64,P
44.75,0.25,67,P
45.0,0.25,73,P
45.25,0.25,64,P
45.5,0.25,67,P
45.75,0.25,73,P
46.0,0.5,0,rest
46.5,0.25,64,P
46.75,0.25,67,P
47.0,0.25,73,P
47.25,0.25,64,P
47.5,0.25,67,P
47.75,0.25,73,P
48.0,0.25,0,rest
48.25,0.25,0,rest
48.5,0.25,62,P
48.75,0.25,69,P
49.0,0.25,74,P
49.25,0.25,62,P
49.5,0.25,69,P
49.75,0.25,74,P
50.0,0.5,0,rest
50.5,0.25,62,P
50.75,0.25,69,P
51.0,0.25,74,P
51.25,0.25,62,P
51.5,0.25,69,P
51.75,0.25,74,P
52.0,0.5,0,rest
52.5,0.25,62,P
52.75,0.25,65,P
53.0,0.25,71,P
53.25,0.25,62,P
53.5,0.25,65,P
53.75,0.25,71,P
54.0,0.5,0,rest
54.5,0.25,62,P
54.75,0.25,65,P
55.0,0.25,71,P
55.25,0.25,62,P
55.5,0.25,65,P
55.75,0.25,71,P
56.0,0.5,0,rest
56.5,0.25,60,P
56.75,0.25,67,P
57.0,0.25,72,P
57.25,0.25,60,P
57.5,0.25,67,P
57.75,0.25,72,P
58.0,0.5,0,rest
58.5,0.25,60,P
58.75,0.25,67,P
59.0,0.25,72,P
59.25,0.25,60,P
59.5,0.25,67,P
59.75,0.25,72,P
60.0,0.5,0,rest
60.5,0.25,57,P
60.75,0.25,60,P
61.0,0.25,65,P
61.25,0.25,57,P
61.5,0.25,60,P
61.75,0.25,65,P
62.0,0.5,0,rest
62.5,0.25,57,P
62.75,0.25,60,P
63.0,0.25,65,P
63.25,0.25,57,P
63.5,0.25,60,P
63.75,0.25,65,P
64.0,0.5,0,rest
64.5,0.25,57,P
64.75,0.25,60,P
65.0,0.25,65,P
65.25,0.25,57,P
65.5,0.25,60,P
65.75,0.25,65,P
66.0,0.5,0,rest
66.5,0.25,57,P
66.75,0.25,60,P
67.0,0.25,65,P
67.25,0.25,57,P
67.5,0.25,60,P
67.75,0.25,65,P
68.0,0.5,0,rest
68.5,0.25,55,P
68.75,0.25,59,P
69.0,0.25,65,P
69.25,0.25,55,P
69.5,0.25,59,P
69.75,0.25,65,P
70.0,0.5,0,rest
70.5,0.25,55,P
70.75,0.25,59,P
71.0,0.25,65,P
71.25,0.25,55,P
71.5,0.25,59,P
71.75,0.25,65,P
72.0,0.5,0,rest
72.5,0.25,55,P
72.75,0.25,60,P
73.0,0.25,64,P
73.25,0.25,55,P
73.5,0.25,60,P
73.75,0.25,64,P
74.0,0.5,0,rest
74.5,0.25,55,P
74.75,0.25,60,P
75.0,0.25,64,P
75.25,0.25,55,P
75.5,0.25,60,P
75.75,0.25,64,P
76.0,0.5,0,rest
76.5,0.25,58,P
76.75,0.25,60,P
77.0,0.25,64,P
77.25,0.25,58,P
77.5,0.25,60,P
77.75,0.25,64,P
78.0,0.5,0,rest
78.5,0.25,58,P
78.75,0.25,60,P
79.0,0.25,64,P
79.25,0.25,58,P
79.5,0.25,60,P
79.75,0.25,64,P
80.0,0.5,0,rest
80.5,0.25,57,P
80.75,0.25,60,P
81.0,0.25,64,P
81.25,0.25,57,P
81.5,0.25,60,P
81.75,0.25,64,P
82.0,0.5,0,rest
82.5,0.25,57,P
82.75,0.25,60,P
83.0,0.25,64,P
83.25,0.25,57,P
83.5,0.25,60,P
83.75,0.25,64,P
84.0,0.5,0,rest
84.5,0.25,57,P
84.75,0.25,60,P
85.0,0.25,63,P
85.25,0.25,57,P
85.5,0.25,60,P
85.75,0.25,63,P
86.0,0.5,0,rest
86.5,0.25,57,P
86.75,0.25,60,P
87.0,0.25,63,P
87.25,0.25,57,P
87.5,0.25,60,P
87.75,0.25,63,P
88.0,0.5,0,rest
88.5,0.25,59,P
88.75,0.25,60,P
89.0,0.25,62,P
89.25,0.25,59,P
89.5,0.25,60,P
89.75,0.25,62,P
90.0,0.5,0,rest
90.5,0.25,59,P
90.75,0.25,60,P
91.0,0.25,62,P
91.25,0.25,59,P
91.5,0.25,60,P
91.75,0.25,62,P
92.0,0.5,0,rest
92.5,0.25,55,P
92.75,0.25,59,P
93.0,0.25,62,P
93.25,0.25,55,P
93.5,0.25,59,P
93.75,0.25,62,P
94.0,0.5,0,rest
94.5,0.25,55,P
94.75,0.25,59,P
95.0,0.25,62,P
95.25,0.25,55,P
95.5,0.25,59,P
95.75,0.25,62,P
96.0,0.5,0,rest
96.5,0.25,55,P
96.75,0.25,60,P
97.0,0.25,64,P
97.25,0.25,55,P
97.5,0.25,60,P
97.75,0.25,64,P
98.0,0.5,0,rest
98.5,0.25,55,P
98.75,0.25,60,P
99.0,0.25,64,P
99.25,0.25,55,P
99.5,0.25,60,P
99.75,0.25,64,P
100.0,0.5,0,rest
100.5,0.25,55,P
100.75,0.25,60,P
101.0,0.25,65,P
101.25,0.25,55,P
101.5,0.25,60,P
101.75,0.25,65,P
102.0,0.25,0,rest
102.25,0.25,0,rest
102.5,0.25,55,P
102.75,0.25,60,P
103.0,0.25,65,P
103.25,0.25,55,P
103.5,0.25,60,P
103.75,0.25,65,P
104.0,0.5,0,rest
104.5,0.25,55,P
104.75,0.25,59,P
105.0,0.25,65,P
105.25,0.25,55,P
105.5,0.25,59,P
105.75,0.25,65,P
106.0,0.5,0,rest
106.5,0.25,55,P
106.75,0.25,59,P
107.0,0.25,65,P
107.25,0.25,55,P
107.5,0.25,59,P
107.75,0.25,65,P
108.0,0.5,0,rest
108.5,0.25,57,P
108.75,0.25,60,P
109.0,0.25,66,P
109.25,0.25,57,P
109.5,0.25,60,P
109.75,0.25,66,P
110.0,0.5,0,rest
110.5,0.25,57,P
110.75,0.25,60,P
111.0,0.25,66,P
111.25,0.25,57,P
111.5,0.25,60,P
111.75,0.25,66,P
112.0,0.5,0,rest
112.5,0.25,55,P
112.75,0.25,60,P
113.0,0.25,67,P
113.25,0.25,55,P
113.5,0.25,60,P
113.75,0.25,67,P
114.0,0.5,0,rest
114.5,0.25,55,P
114.75,0.25,60,P
115.0,0.25,67,P
115.25,0.25,55,P
115.5,0.25,60,P
115.75,0.25,67,P
116.0,0.5,0,rest
116.5,0.25,55,P
116.75,0.25,60,P
117.0,0.25,65,P
117.25,0.25,55,P
117.5,0.25,60,P
117.75,0.25,65,P
118.0,0.5,0,rest
118.5,0.25,55,P
118.75,0.25,60,P
119.0,0.25,65,P
119.25,0.25,55,P
119.5,0.25,60,P
119.75,0.25,65,P
120.0,0.25,0,rest
120.25,0.25,0,rest
120.5,0.25,55,P
120.75,0.25,59,P
121.0,0.25,65,P
121.25,0.25,55,P
121.5,0.25,59,P
121.75,0.25,65,P
122.0,0.25,0,rest
122.25,0.25,0,rest
122.5,0.25,55,P
122.75,0.25,59,P
123.0,0.25,65,P
123.25,0.25,55,P
123.5,0.25,59,P
123.75,0.25,65,P
124.0,0.5,0,rest
124.5,0.25,55,P
124.75,0.25,58,P
125.0,0.25,64,P
125.25,0.25,55,P
125.5,0.25,58,P
125.75,0.25,64,P
126.0,0.5,0,rest
126.5,0.25,55,P
126.75,0.25,58,P
127.0,0.25,64,P
127.25,0.25,55,P
127.5,0.25,58,P
127.75,0.25,64,P
128.0,0.5,0,rest
128.5,0.25,53,P
128.75,0.25,57,P
129.0,0.25,60,P
129.25,0.25,65,P
129.5,0.25,60,P
129.75,0.25,57,P
130.0,0.25,60,P
130.25,0.25,57,P
130.5,0.25,53,P
130.75,0.25,57,P
131.0,0.25,53,P
131.25,0.25,50,P
131.5,0.25,53,d
131.75,0.25,50,d
132.0,0.5,0,rest
132.5,0.25,67,P
132.75,0.25,71,P
133.0,0.25,74,P
133.25,0.25,77,P
133.5,0.25,74,P
133.75,0.25,71,P
134.0,0.25,74,P
134.25,0.25,71,P
134.5,0.25,67,P
134.75,0.25,71,R
135.0,0.25,62,R
135.25,0.25,65,R
135.5,0.25,64,VR
135.75,0.25,62,VR
136.0,2.75,72,VR
138.75,1.25,0,rest
140.0,2.0,0,rest
142.0,0.75,0,rest
142.75,0.25,0,rest
143.0,1.0,0,rest
144.0,0.5,0,rest
144.5,1.75,0,rest
146.25,0.25,0,rest
146.5,1.0,0,rest
147.5,0.5,0,rest
148.0,0.75,0,rest
148.75,0.25,0,rest
149.0,1.0,0,rest
150.0,0.5,0,rest
150.5,1.5,0,rest
152.0,1.0,0,rest
153.0,1.5,0,rest
154.5,0.25,0,rest
154.75,0.25,0,rest
155.0,1.0,0,rest
156.0,0.5,0,rest
156.5,2.0,0,rest
158.5,0.5,0,rest
159.0,1.0,0,rest
160.0,0.75,0,rest
160.75,0.25,0,rest
161.0,1.0,0,rest
162.0,0.5,0,rest
162.5,1.0,0,rest
163.5,0.5,0,rest
164.0,1.5,0,rest
165.5,0.5,0,rest
166.0,0.75,0,rest
166.75,0.25,0,rest
167.0,1.0,0,rest
168.0,0.5,0,rest
168.5,1.0,0,rest
169.5,0.5,0,rest
170.0,0.5,0,rest
170.5,1.0,0,rest
171.5,0.25,0,rest
171.75,0.25,0,rest
172.0,2.75,0,rest
174.75,0.25,0,rest
175.0,0.75,0,rest
175.75,0.25,0,rest
176.0,0.5,0,rest
176.5,0.5,0,rest
177.0,0.5,0,rest
177.5,0.25,0,rest
177.75,0.25,0,rest
178.0,0.25,0,rest
178.25,0.5,0,rest
178.75,0.75,0,rest
179.5,0.5,0,rest
180.0,0.75,0,rest
180.75,0.25,0,rest
181.0,0.75,0,rest
181.75,0.25,0,rest
182.0,1.0,0,rest
183.0,0.5,0,rest
183.5,0.5,0,rest
184.0,0.5,0,rest
184.5,0.5,0,rest
185.0,1.75,0,rest
186.75,0.25,0,rest
187.0,1.0,0,rest
188.0,0.5,0,rest
188.5,2.0,0,rest
190.5,0.5,0,rest
191.0,1.0,0,rest
192.0,1.5,0,rest
193.5,0.5,0,rest
194.0,0.75,0,rest
194.75,0.25,0,rest
195.0,1.0,0,rest
196.0,0.5,0,rest
196.5,0.75,0,rest
197.25,0.5,0,rest
197.75,0.25,0,rest
198.0,1.5,0,rest
199.5,0.5,0,rest
200.0,0.75,0,rest
200.75,0.25,0,rest
201.0,0.5,0,rest
201.5,1.25,0,rest
202.75,0.25,0,rest
203.0,0.75,0,rest
203.75,0.25,0,rest
204.0,0.5,0,rest
204.5,2.0,0,rest
206.5,0.5,0,rest
207.0,1.0,0,rest
208.0,1.0,0,rest
209.0,0.5,0,rest
209.5,0.5,0,rest
210.0,1.5,0,rest
211.5,0.5,0,rest
212.0,0.75,0,rest
212.75,2.25,0,rest
215.0,1.0,0,rest
216.0,1.25,0,rest
217.25,0.25,0,rest
217.5,1.0,0,rest
218.5,0.5,0,rest
219.0,1.0,0,rest
220.0,0.75,0,rest
220.75,0.25,0,rest
221.0,1.0,0,rest
222.0,0.5,0,rest
222.5,1.5,0,rest
224.0,0.5,0,rest
224.5,0.5,0,rest
225.0,0.5,0,rest
225.5,2.0,0,rest
227.5,0.5,0,rest
228.0,2.0,0,rest
230.0,0.5,0,rest
230.5,1.5,0,rest
232.0,2.5,0,rest
234.5,0.25,0,rest
234.75,0.25,0,rest
235.0,1.0,0,rest
236.0,0.5,0,rest
236.5,0.25,0,rest
236.75,0.25,0,rest
237.0,1.25,0,rest
238.25,1.75,0,rest
240.0,2/3,0,rest
722/3,2/3,0,rest
724/3,2/3,0,rest
242.0,0.25,0,rest
242.25,0.25,0,rest
242.5,1.25,0,rest
243.75,0.25,0,rest
244.0,1.0,0,rest
245.0,0.25,0,rest
245.25,0.5,0,rest
245.75,2.25,0,rest
0.0,2.0,60,ID
0.25,1.75,64,ID
2.0,2.0,60,ID
2.25,1.75,64,IP
4.0,2.0,60,IP
4.25,1.75,62,IP
6.0,2.0,60,IP
6.25,1.75,62,IP
8.0,2.0,59,IP
8.25,1.75,62,ID
10.0,2.0,59,ID
10.25,1.75,62,ID
12.0,2.0,60,ID
12.25,1.75,64,ID
14.0,2.0,60,ID
14.25,1.75,64,ID
16.0,2.0,60,ID
16.25,1.75,64,ID
18.0,2.0,60,ID
18.25,1.75,64,ID
20.0,2.0,60,ID
20.25,1.75,62,ID
22.0,2.0,60,ID
22.25,1.75,62,ID
24.0,2.0,59,ID
24.25,1.75,62,ID
26.0,2.0,59,ID
26.25,1.75,62,IP
28.0,2.0,59,IP
28.25,1.75,60,IP
30.0,2.0,59,IP
30.25,1.75,60,IP
32.0,2.0,57,IP
32.25,1.75,60,ID
34.0,2.0,57,ID
34.25,1.75,60,ID
36.0,2.0,50,ID
36.25,1.75,57,ID
38.0,2.0,50,ID
38.25,1.75,57,IP
40.0,2.0,55,IP
40.25,1.75,59,IP
42.0,2.0,55,ID
42.25,1.75,59,ID
44.0,2.0,55,ID
44.25,1.75,58,ID
46.0,2.0,55,ID
46.25,1.75,58,ID
48.0,2.0,53,ID
48.25,1.75,57,ID
50.0,2.0,53,ID
50.25,1.75,57,IP
52.0,2.0,53,IP
52.25,1.75,56,IP
54.0,2.0,53,IP
54.25,1.75,56,IP
56.0,2.0,52,IP
56.25,1.75,55,ID
58.0,2.0,52,ID
58.25,1.75,55,ID
60.0,2.0,52,ID
60.25,1.75,53,ID
62.0,2.0,52,ID
62.25,1.75,53,ID
64.0,2.0,50,ID
64.25,1.75,53,ID
66.0,2.0,50,VR
66.25,1.75,53,VR
68.0,2.0,43,VR
68.25,1.75,50,ID
70.0,2.0,43,ID
70.25,1.75,50,ID
72.0,2.0,48,ID
72.25,1.75,52,ID
74.0,2.0,48,ID
74.25,1.75,52,IP
76.0,2.0,48,IP
76.25,1.75,55,IP
78.0,2.0,48,R
78.25,1.75,55,R
80.0,2.0,41,R
80.25,1.75,53,ID
82.0,2.0,41,ID
82.25,1.75,53,ID
84.0,2.0,42,ID
84.25,1.75,48,ID
86.0,2.0,42,ID
86.25,1.75,48,IP
88.0,2.0,44,IP
88.25,1.75,53,IP
90.0,2.0,44,IP
90.25,1.75,53,IP
92.0,2.0,43,IP
92.25,1.75,53,ID
94.0,2.0,43,ID
94.25,1.75,53,ID
96.0,2.0,43,ID
96.25,1.75,52,ID
98.0,2.0,43,ID
98.25,1.75,52,IP
100.0,2.0,43,IP
100.25,1.75,50,IP
102.0,2.0,43,ID
102.25,1.75,50,ID
104.0,2.0,43,ID
104.25,1.75,50,ID
106.0,2.0,43,ID
106.25,1.75,50,ID
108.0,2.0,43,ID
108.25,1.75,51,ID
110.0,2.0,43,ID
110.25,1.75,51,IP
112.0,2.0,43,IP
112.25,1.75,52,IP
114.0,2.0,43,ID
114.25,1.75,52,ID
116.0,2.0,43,ID
116.25,1.75,50,ID
118.0,2.0,43,ID
118.25,1.75,50,ID
120.0,2.0,43,ID
120.25,1.75,50,ID
122.0,2.0,43,ID
122.25,1.75,50,IP
124.0,2.0,36,IP
124.25,1.75,48,IP
126.0,2.0,36,ID
126.25,1.75,48,ID
128.0,3.75,36,ID
128.25,3.5,48,M
131.75,0.25,0,rest
132.0,3.75,36,d
132.25,3.5,50,d
135.75,0.25,0,rest
136.0,2.75,36,M
138.75,1.25,0,rest
