Number of segments: 47

bach_846 Segment 1 (red):
   onset_beats duration_beats  midi_pitch ir_symbol
0          0.0            0.5           0      rest
1          0.5           0.25          67         P
2         0.75           0.25          72         P
3          1.0           0.25          76         P
4         1.25           0.25          67         P
5          1.5           0.25          72         P
6         1.75           0.25          76         P
7          2.0            0.5           0      rest
8          2.5           0.25          67         P
9         2.75           0.25          72         P
10         3.0           0.25          76         P
11        3.25           0.25          67         P
12         3.5           0.25          72         P
13        3.75           0.25          76         P
14         4.0            0.5           0      rest
15         4.5           0.25          69         P
16        4.75           0.25          74         P
17         5.0           0.25          77         P
--------------------------------------------

bach_846 Segment 2 (red):
   onset_beats duration_beats  midi_pitch ir_symbol
18        5.25           0.25          69         P
19         5.5           0.25          74         P
20        5.75           0.25          77         P
21         6.0            0.5           0      rest
22         6.5           0.25          69         P
23        6.75           0.25          74         P
24         7.0           0.25          77         P
25        7.25           0.25          69         P
26         7.5           0.25          74         P
27        7.75           0.25          77         P
--------------------------------------------

bach_846 Segment 3 (red):
   onset_beats duration_beats  midi_pitch ir_symbol
28         8.0            0.5           0      rest
29         8.5           0.25          67         P
30        8.75           0.25          74         P
31         9.0           0.25          77         P
32        9.25           0.25          67         P
33         9.5           0.25          74         P
34        9.75           0.25          77         P
35        10.0            0.5           0      rest
36        10.5           0.25          67         P
37       10.75           0.25          74         P
38        11.0           0.25          77         P
39       11.25           0.25          67         P
40        11.5           0.25          74         P
41       11.75           0.25          77         P
--------------------------------------------

bach_846 Segment 4 (red):
   onset_beats duration_beats  midi_pitch ir_symbol
42        12.0            0.5           0      rest
43        12.5           0.25          67         P
44       12.75           0.25          72         P
45        13.0           0.25          76         P
46       13.25           0.25          67         P
47        13.5           0.25          72         P
48       13.75           0.25          76         P
49        14.0            0.5           0      rest
50        14.5           0.25          67         P
51       14.75           0.25          72         P
52        15.0           0.25          76         P
53       15.25           0.25          67         P
54        15.5           0.25          72         P
55       15.75           0.25          76         P
56        16.0            0.5           0      rest
57        16.5           0.25          69         P
58       16.75           0.25          76         P
59        17.0           0.25          81         P
--------------------------------------------

bach_846 Segment 5 (red):
   onset_beats duration_beats  midi_pitch ir_symbol
60       17.25           0.25          69         P
61        17.5           0.25          76         P
62       17.75           0.25          81         P
63        18.0            0.5           0      rest
64        18.5           0.25          69         P
65       18.75           0.25          76         P
66        19.0           0.25          81         P
67       19.25           0.25          69         P
68        19.5           0.25          76         P
69       19.75           0.25          81         P
--------------------------------------------

bach_846 Segment 6 (red):
   onset_beats duration_beats  midi_pitch ir_symbol
70        20.0            0.5           0      rest
71        20.5           0.25          66         P
72       20.75           0.25          69         P
73        21.0           0.25          74         P
74       21.25           0.25          66         P
75        21.5           0.25          69         P
76       21.75           0.25          74         P
77        22.0            0.5           0      rest
78        22.5           0.25          66         P
79       22.75           0.25          69         P
80        23.0           0.25          74         P
81       23.25           0.25          66         P
82        23.5           0.25          69         P
83       23.75           0.25          74         P
84        24.0            0.5           0      rest
85        24.5           0.25          67         P
86       24.75           0.25          74         P
87        25.0           0.25          79         P
88       25.25           0.25          67         P
89        25.5           0.25          74         P
90       25.75           0.25          79         P
91        26.0            0.5           0      rest
92        26.5           0.25          67         P
93       26.75           0.25          74         P
94        27.0           0.25          79         P
95       27.25           0.25          67         P
96        27.5           0.25          74         P
97       27.75           0.25          79         P
--------------------------------------------

bach_846 Segment 7 (red):
    onset_beats duration_beats  midi_pitch ir_symbol
98         28.0            0.5           0      rest
99         28.5           0.25          64         P
100       28.75           0.25          67         P
101        29.0           0.25          72         P
102       29.25           0.25          64         P
103        29.5           0.25          67         P
104       29.75           0.25          72         P
105        30.0            0.5           0      rest
106        30.5           0.25          64         P
107       30.75           0.25          67         P
108        31.0           0.25          72         P
109       31.25           0.25          64         P
110        31.5           0.25          67         P
111       31.75           0.25          72         P
112        32.0            0.5           0      rest
113        32.5           0.25          64         P
114       32.75           0.25          67         P
115        33.0           0.25          72         P
116       33.25           0.25          64         P
117        33.5           0.25          67         P
118       33.75           0.25          72         P
119        34.0            0.5           0      rest
120        34.5           0.25          64         P
121       34.75           0.25          67         P
122        35.0           0.25          72         P
123       35.25           0.25          64         P
124        35.5           0.25          67         P
--------------------------------------------

bach_846 Segment 8 (red):
    onset_beats duration_beats  midi_pitch ir_symbol
125       35.75           0.25          72         P
126        36.0            0.5           0      rest
127        36.5           0.25          62         P
128       36.75           0.25          66         P
129        37.0           0.25          72         P
130       37.25           0.25          62         P
131        37.5           0.25          66         P
132       37.75           0.25          72         P
133        38.0            0.5           0      rest
134        38.5           0.25          62         P
135       38.75           0.25          66         P
136        39.0           0.25          72         P
137       39.25           0.25          62         P
138        39.5           0.25          66         P
139       39.75           0.25          72         P
140        40.0            0.5           0      rest
141        40.5           0.25          62         P
142       40.75           0.25          67         P
143        41.0           0.25          71         P
144       41.25           0.25          62         P
145        41.5           0.25          67         P
146       41.75           0.25          71         P
147        42.0            0.5           0      rest
148        42.5           0.25          62         P
149       42.75           0.25          67         P
150        43.0           0.25          71         P
151       43.25           0.25          62         P
152        43.5           0.25          67         P
153       43.75           0.25          71         P
154        44.0            0.5           0      rest
155        44.5           0.25          64         P
156       44.75           0.25          67         P
157        45.0           0.25          73         P
158       45.25           0.25          64         P
159        45.5           0.25          67         P
160       45.75           0.25          73         P
161        46.0            0.5           0      rest
162        46.5           0.25          64         P
163       46.75           0.25          67         P
164        47.0           0.25          73         P
165       47.25           0.25          64         P
166        47.5           0.25          67         P
--------------------------------------------

bach_846 Segment 9 (red):
    onset_beats duration_beats  midi_pitch ir_symbol
167       47.75           0.25          73         P
168        48.0           0.25           0      rest
169       48.25           0.25           0      rest
170        48.5           0.25          62         P
171       48.75           0.25          69         P
172        49.0           0.25          74         P
--------------------------------------------

bach_846 Segment 10 (red):
    onset_beats duration_beats  midi_pitch ir_symbol
173       49.25           0.25          62         P
174        49.5           0.25          69         P
175       49.75           0.25          74         P
176        50.0            0.5           0      rest
177        50.5           0.25          62         P
178       50.75           0.25          69         P
179        51.0           0.25          74         P
180       51.25           0.25          62         P
181        51.5           0.25          69         P
182       51.75           0.25          74         P
--------------------------------------------

bach_846 Segment 11 (red):
    onset_beats duration_beats  midi_pitch ir_symbol
183        52.0            0.5           0      rest
184        52.5           0.25          62         P
185       52.75           0.25          65         P
186        53.0           0.25          71         P
187       53.25           0.25          62         P
188        53.5           0.25          65         P
189       53.75           0.25          71         P
190        54.0            0.5           0      rest
191        54.5           0.25          62         P
192       54.75           0.25          65         P
193        55.0           0.25          71         P
194       55.25           0.25          62         P
195        55.5           0.25          65         P
196       55.75           0.25          71         P
197        56.0            0.5           0      rest
198        56.5           0.25          60         P
199       56.75           0.25          67         P
200        57.0           0.25          72         P
201       57.25           0.25          60         P
202        57.5           0.25          67         P
203       57.75           0.25          72         P
204        58.0            0.5           0      rest
205        58.5           0.25          60         P
206       58.75           0.25          67         P
207        59.0           0.25          72         P
208       59.25           0.25          60         P
209        59.5           0.25          67         P
210       59.75           0.25          72         P
--------------------------------------------

bach_846 Segment 12 (red):
    onset_beats duration_beats  midi_pitch ir_symbol
211        60.0            0.5           0      rest
212        60.5           0.25          57         P
213       60.75           0.25          60         P
214        61.0           0.25          65         P
215       61.25           0.25          57         P
216        61.5           0.25          60         P
217       61.75           0.25          65         P
218        62.0            0.5           0      rest
219        62.5           0.25          57         P
220       62.75           0.25          60         P
221        63.0           0.25          65         P
222       63.25           0.25          57         P
223        63.5           0.25          60         P
224       63.75           0.25          65         P
225        64.0            0.5           0      rest
226        64.5           0.25          57         P
227       64.75           0.25          60         P
228        65.0           0.25          65         P
229       65.25           0.25          57         P
230        65.5           0.25          60         P
231       65.75           0.25          65         P
232        66.0            0.5           0      rest
233        66.5           0.25          57         P
234       66.75           0.25          60         P
235        67.0           0.25          65         P
236       67.25           0.25          57         P
237        67.5           0.25          60         P
--------------------------------------------

bach_846 Segment 13 (red):
    onset_beats duration_beats  midi_pitch ir_symbol
238       67.75           0.25          65         P
239        68.0            0.5           0      rest
240        68.5           0.25          55         P
241       68.75           0.25          59         P
242        69.0           0.25          65         P
243       69.25           0.25          55         P
244        69.5           0.25          59         P
245       69.75           0.25          65         P
246        70.0            0.5           0      rest
247        70.5           0.25          55         P
248       70.75           0.25          59         P
249        71.0           0.25          65         P
250       71.25           0.25          55         P
251        71.5           0.25          59         P
252       71.75           0.25          65         P
253        72.0            0.5           0      rest
254        72.5           0.25          55         P
255       72.75           0.25          60         P
256        73.0           0.25          64         P
257       73.25           0.25          55         P
258        73.5           0.25          60         P
259       73.75           0.25          64         P
260        74.0            0.5           0      rest
261        74.5           0.25          55         P
262       74.75           0.25          60         P
263        75.0           0.25          64         P
264       75.25           0.25          55         P
265        75.5           0.25          60         P
266       75.75           0.25          64         P
--------------------------------------------

bach_846 Segment 14 (red):
    onset_beats duration_beats  midi_pitch ir_symbol
267        76.0            0.5           0      rest
268        76.5           0.25          58         P
269       76.75           0.25          60         P
270        77.0           0.25          64         P
271       77.25           0.25          58         P
272        77.5           0.25          60         P
273       77.75           0.25          64         P
274        78.0            0.5           0      rest
275        78.5           0.25          58         P
276       78.75           0.25          60         P
277        79.0           0.25          64         P
278       79.25           0.25          58         P
279        79.5           0.25          60         P
--------------------------------------------

bach_846 Segment 15 (red):
    onset_beats duration_beats  midi_pitch ir_symbol
280       79.75           0.25          64         P
281        80.0            0.5           0      rest
282        80.5           0.25          57         P
283       80.75           0.25          60         P
284        81.0           0.25          64         P
..          ...            ...         ...       ...
336       95.75           0.25          62         P
337        96.0            0.5           0      rest
338        96.5           0.25          55         P
339       96.75           0.25          60         P
340        97.0           0.25          64         P

[61 rows x 4 columns]
--------------------------------------------

bach_846 Segment 16 (red):
    onset_beats duration_beats  midi_pitch ir_symbol
341       97.25           0.25          55         P
342        97.5           0.25          60         P
343       97.75           0.25          64         P
344        98.0            0.5           0      rest
345        98.5           0.25          55         P
346       98.75           0.25          60         P
347        99.0           0.25          64         P
348       99.25           0.25          55         P
349        99.5           0.25          60         P
350       99.75           0.25          64         P
--------------------------------------------

bach_846 Segment 17 (red):
    onset_beats duration_beats  midi_pitch ir_symbol
351       100.0            0.5           0      rest
352       100.5           0.25          55         P
353      100.75           0.25          60         P
354       101.0           0.25          65         P
355      101.25           0.25          55         P
356       101.5           0.25          60         P
357      101.75           0.25          65         P
358       102.0           0.25           0      rest
359      102.25           0.25           0      rest
360       102.5           0.25          55         P
361      102.75           0.25          60         P
362       103.0           0.25          65         P
363      103.25           0.25          55         P
364       103.5           0.25          60         P
365      103.75           0.25          65         P
366       104.0            0.5           0      rest
367       104.5           0.25          55         P
368      104.75           0.25          59         P
369       105.0           0.25          65         P
370      105.25           0.25          55         P
371       105.5           0.25          59         P
372      105.75           0.25          65         P
373       106.0            0.5           0      rest
374       106.5           0.25          55         P
375      106.75           0.25          59         P
376       107.0           0.25          65         P
377      107.25           0.25          55         P
378       107.5           0.25          59         P
379      107.75           0.25          65         P
380       108.0            0.5           0      rest
381       108.5           0.25          57         P
382      108.75           0.25          60         P
--------------------------------------------

bach_846 Segment 18 (red):
    onset_beats duration_beats  midi_pitch ir_symbol
383       109.0           0.25          66         P
384      109.25           0.25          57         P
385       109.5           0.25          60         P
386      109.75           0.25          66         P
387       110.0            0.5           0      rest
388       110.5           0.25          57         P
389      110.75           0.25          60         P
390       111.0           0.25          66         P
391      111.25           0.25          57         P
392       111.5           0.25          60         P
--------------------------------------------

bach_846 Segment 19 (red):
    onset_beats duration_beats  midi_pitch ir_symbol
393      111.75           0.25          66         P
394       112.0            0.5           0      rest
395       112.5           0.25          55         P
396      112.75           0.25          60         P
397       113.0           0.25          67         P
398      113.25           0.25          55         P
399       113.5           0.25          60         P
400      113.75           0.25          67         P
401       114.0            0.5           0      rest
402       114.5           0.25          55         P
403      114.75           0.25          60         P
404       115.0           0.25          67         P
405      115.25           0.25          55         P
406       115.5           0.25          60         P
407      115.75           0.25          67         P
408       116.0            0.5           0      rest
409       116.5           0.25          55         P
410      116.75           0.25          60         P
411       117.0           0.25          65         P
412      117.25           0.25          55         P
413       117.5           0.25          60         P
--------------------------------------------

bach_846 Segment 20 (red):
    onset_beats duration_beats  midi_pitch ir_symbol
414      117.75           0.25          65         P
415       118.0            0.5           0      rest
416       118.5           0.25          55         P
417      118.75           0.25          60         P
418       119.0           0.25          65         P
419      119.25           0.25          55         P
420       119.5           0.25          60         P
421      119.75           0.25          65         P
422       120.0           0.25           0      rest
423      120.25           0.25           0      rest
424       120.5           0.25          55         P
425      120.75           0.25          59         P
426       121.0           0.25          65         P
427      121.25           0.25          55         P
428       121.5           0.25          59         P
--------------------------------------------

bach_846 Segment 21 (red):
    onset_beats duration_beats  midi_pitch ir_symbol
429      121.75           0.25          65         P
430       122.0           0.25           0      rest
431      122.25           0.25           0      rest
432       122.5           0.25          55         P
433      122.75           0.25          59         P
--------------------------------------------

bach_846 Segment 22 (red):
    onset_beats duration_beats  midi_pitch ir_symbol
434       123.0           0.25          65         P
435      123.25           0.25          55         P
436       123.5           0.25          59         P
437      123.75           0.25          65         P
438       124.0            0.5           0      rest
439       124.5           0.25          55         P
440      124.75           0.25          58         P
441       125.0           0.25          64         P
442      125.25           0.25          55         P
443       125.5           0.25          58         P
444      125.75           0.25          64         P
445       126.0            0.5           0      rest
446       126.5           0.25          55         P
447      126.75           0.25          58         P
448       127.0           0.25          64         P
449      127.25           0.25          55         P
450       127.5           0.25          58         P
451      127.75           0.25          64         P
452       128.0            0.5           0      rest
453       128.5           0.25          53         P
454      128.75           0.25          57         P
455       129.0           0.25          60         P
456      129.25           0.25          65         P
457       129.5           0.25          60         P
458      129.75           0.25          57         P
459       130.0           0.25          60         P
460      130.25           0.25          57         P
461       130.5           0.25          53         P
462      130.75           0.25          57         P
463       131.0           0.25          53         P
464      131.25           0.25          50         P
465       131.5           0.25          53         d
466      131.75           0.25          50         d
467       132.0            0.5           0      rest
468       132.5           0.25          67         P
469      132.75           0.25          71         P
470       133.0           0.25          74         P
471      133.25           0.25          77         P
472       133.5           0.25          74         P
473      133.75           0.25          71         P
474       134.0           0.25          74         P
475      134.25           0.25          71         P
476       134.5           0.25          67         P
477      134.75           0.25          71         R
478       135.0           0.25          62         R
479      135.25           0.25          65         R
480       135.5           0.25          64        VR
481      135.75           0.25          62        VR
482       136.0           2.75          72        VR
483      138.75           1.25           0      rest
484       140.0            2.0           0      rest
--------------------------------------------

bach_846 Segment 23 (red):
    onset_beats duration_beats  midi_pitch ir_symbol
485       142.0           0.75           0      rest
486      142.75           0.25           0      rest
487       143.0            1.0           0      rest
488       144.0            0.5           0      rest
489       144.5           1.75           0      rest
490      146.25           0.25           0      rest
491       146.5            1.0           0      rest
492       147.5            0.5           0      rest
493       148.0           0.75           0      rest
494      148.75           0.25           0      rest
495       149.0            1.0           0      rest
496       150.0            0.5           0      rest
497       150.5            1.5           0      rest
498       152.0            1.0           0      rest
499       153.0            1.5           0      rest
--------------------------------------------

bach_846 Segment 24 (red):
    onset_beats duration_beats  midi_pitch ir_symbol
500       154.5           0.25           0      rest
501      154.75           0.25           0      rest
502       155.0            1.0           0      rest
503       156.0            0.5           0      rest
504       156.5            2.0           0      rest
505       158.5            0.5           0      rest
506       159.0            1.0           0      rest
507       160.0           0.75           0      rest
508      160.75           0.25           0      rest
509       161.0            1.0           0      rest
510       162.0            0.5           0      rest
511       162.5            1.0           0      rest
512       163.5            0.5           0      rest
513       164.0            1.5           0      rest
--------------------------------------------

bach_846 Segment 25 (red):
    onset_beats duration_beats  midi_pitch ir_symbol
514       165.5            0.5           0      rest
515       166.0           0.75           0      rest
516      166.75           0.25           0      rest
517       167.0            1.0           0      rest
518       168.0            0.5           0      rest
519       168.5            1.0           0      rest
520       169.5            0.5           0      rest
521       170.0            0.5           0      rest
522       170.5            1.0           0      rest
523       171.5           0.25           0      rest
524      171.75           0.25           0      rest
525       172.0           2.75           0      rest
--------------------------------------------

bach_846 Segment 26 (red):
    onset_beats duration_beats  midi_pitch ir_symbol
526      174.75           0.25           0      rest
527       175.0           0.75           0      rest
528      175.75           0.25           0      rest
529       176.0            0.5           0      rest
530       176.5            0.5           0      rest
531       177.0            0.5           0      rest
532       177.5           0.25           0      rest
533      177.75           0.25           0      rest
534       178.0           0.25           0      rest
535      178.25            0.5           0      rest
536      178.75           0.75           0      rest
537       179.5            0.5           0      rest
538       180.0           0.75           0      rest
539      180.75           0.25           0      rest
540       181.0           0.75           0      rest
541      181.75           0.25           0      rest
542       182.0            1.0           0      rest
543       183.0            0.5           0      rest
544       183.5            0.5           0      rest
545       184.0            0.5           0      rest
546       184.5            0.5           0      rest
547       185.0           1.75           0      rest
548      186.75           0.25           0      rest
549       187.0            1.0           0      rest
550       188.0            0.5           0      rest
551       188.5            2.0           0      rest
552       190.5            0.5           0      rest
553       191.0            1.0           0      rest
554       192.0            1.5           0      rest
--------------------------------------------

bach_846 Segment 27 (red):
    onset_beats duration_beats  midi_pitch ir_symbol
555       193.5            0.5           0      rest
556       194.0           0.75           0      rest
557      194.75           0.25           0      rest
558       195.0            1.0           0      rest
559       196.0            0.5           0      rest
560       196.5           0.75           0      rest
561      197.25            0.5           0      rest
562      197.75           0.25           0      rest
563       198.0            1.5           0      rest
--------------------------------------------

bach_846 Segment 28 (red):
    onset_beats duration_beats  midi_pitch ir_symbol
564       199.5            0.5           0      rest
565       200.0           0.75           0      rest
566      200.75           0.25           0      rest
567       201.0            0.5           0      rest
568       201.5           1.25           0      rest
569      202.75           0.25           0      rest
570       203.0           0.75           0      rest
571      203.75           0.25           0      rest
572       204.0            0.5           0      rest
573       204.5            2.0           0      rest
574       206.5            0.5           0      rest
575       207.0            1.0           0      rest
576       208.0            1.0           0      rest
577       209.0            0.5           0      rest
578       209.5            0.5           0      rest
579       210.0            1.5           0      rest
580       211.5            0.5           0      rest
581       212.0           0.75           0      rest
582      212.75           2.25           0      rest
--------------------------------------------

bach_846 Segment 29 (red):
    onset_beats duration_beats  midi_pitch ir_symbol
583       215.0            1.0           0      rest
584       216.0           1.25           0      rest
585      217.25           0.25           0      rest
586       217.5            1.0           0      rest
587       218.5            0.5           0      rest
588       219.0            1.0           0      rest
589       220.0           0.75           0      rest
590      220.75           0.25           0      rest
591       221.0            1.0           0      rest
592       222.0            0.5           0      rest
593       222.5            1.5           0      rest
--------------------------------------------

bach_846 Segment 30 (red):
    onset_beats duration_beats  midi_pitch ir_symbol
594       224.0            0.5           0      rest
595       224.5            0.5           0      rest
596       225.0            0.5           0      rest
597       225.5            2.0           0      rest
598       227.5            0.5           0      rest
599       228.0            2.0           0      rest
600       230.0            0.5           0      rest
601       230.5            1.5           0      rest
602       232.0            2.5           0      rest
--------------------------------------------

bach_846 Segment 31 (red):
    onset_beats duration_beats  midi_pitch ir_symbol
603       234.5           0.25           0      rest
604      234.75           0.25           0      rest
605       235.0            1.0           0      rest
606       236.0            0.5           0      rest
607       236.5           0.25           0      rest
608      236.75           0.25           0      rest
609       237.0           1.25           0      rest
610      238.25           1.75           0      rest
611       240.0            2/3           0      rest
612       722/3            2/3           0      rest
613       724/3            2/3           0      rest
614       242.0           0.25           0      rest
615      242.25           0.25           0      rest
616       242.5           1.25           0      rest
617      243.75           0.25           0      rest
618       244.0            1.0           0      rest
619       245.0           0.25           0      rest
620      245.25            0.5           0      rest
621      245.75           2.25           0      rest
622         0.0            2.0          60        ID
--------------------------------------------

bach_846 Segment 32 (red):
    onset_beats duration_beats  midi_pitch ir_symbol
623        0.25           1.75          64        ID
624         2.0            2.0          60        ID
625        2.25           1.75          64        IP
626         4.0            2.0          60        IP
627        4.25           1.75          62        IP
--------------------------------------------

bach_846 Segment 33 (red):
    onset_beats duration_beats  midi_pitch ir_symbol
628         6.0            2.0          60        IP
629        6.25           1.75          62        IP
630         8.0            2.0          59        IP
631        8.25           1.75          62        ID
632        10.0            2.0          59        ID
633       10.25           1.75          62        ID
--------------------------------------------

bach_846 Segment 34 (red):
    onset_beats duration_beats  midi_pitch ir_symbol
634        12.0            2.0          60        ID
635       12.25           1.75          64        ID
636        14.0            2.0          60        ID
637       14.25           1.75          64        ID
638        16.0            2.0          60        ID
639       16.25           1.75          64        ID
640        18.0            2.0          60        ID
641       18.25           1.75          64        ID
642        20.0            2.0          60        ID
643       20.25           1.75          62        ID
644        22.0            2.0          60        ID
645       22.25           1.75          62        ID
646        24.0            2.0          59        ID
647       24.25           1.75          62        ID
648        26.0            2.0          59        ID
649       26.25           1.75          62        IP
650        28.0            2.0          59        IP
651       28.25           1.75          60        IP
--------------------------------------------

bach_846 Segment 35 (red):
    onset_beats duration_beats  midi_pitch ir_symbol
652        30.0            2.0          59        IP
653       30.25           1.75          60        IP
654        32.0            2.0          57        IP
655       32.25           1.75          60        ID
656        34.0            2.0          57        ID
657       34.25           1.75          60        ID
--------------------------------------------

bach_846 Segment 36 (red):
    onset_beats duration_beats  midi_pitch ir_symbol
658        36.0            2.0          50        ID
659       36.25           1.75          57        ID
660        38.0            2.0          50        ID
661       38.25           1.75          57        IP
662        40.0            2.0          55        IP
663       40.25           1.75          59        IP
--------------------------------------------

bach_846 Segment 37 (red):
    onset_beats duration_beats  midi_pitch ir_symbol
664        42.0            2.0          55        ID
665       42.25           1.75          59        ID
666        44.0            2.0          55        ID
667       44.25           1.75          58        ID
668        46.0            2.0          55        ID
669       46.25           1.75          58        ID
--------------------------------------------

bach_846 Segment 38 (red):
    onset_beats duration_beats  midi_pitch ir_symbol
670        48.0            2.0          53        ID
671       48.25           1.75          57        ID
672        50.0            2.0          53        ID
673       50.25           1.75          57        IP
674        52.0            2.0          53        IP
675       52.25           1.75          56        IP
676        54.0            2.0          53        IP
677       54.25           1.75          56        IP
--------------------------------------------

bach_846 Segment 39 (red):
    onset_beats duration_beats  midi_pitch ir_symbol
678        56.0            2.0          52        IP
679       56.25           1.75          55        ID
680        58.0            2.0          52        ID
681       58.25           1.75          55        ID
682        60.0            2.0          52        ID
683       60.25           1.75          53        ID
--------------------------------------------

bach_846 Segment 40 (red):
    onset_beats duration_beats  midi_pitch ir_symbol
684        62.0            2.0          52        ID
685       62.25           1.75          53        ID
686        64.0            2.0          50        ID
687       64.25           1.75          53        ID
688        66.0            2.0          50        VR
689       66.25           1.75          53        VR
--------------------------------------------

bach_846 Segment 41 (red):
    onset_beats duration_beats  midi_pitch ir_symbol
690        68.0            2.0          43        VR
691       68.25           1.75          50        ID
692        70.0            2.0          43        ID
693       70.25           1.75          50        ID
694        72.0            2.0          48        ID
695       72.25           1.75          52        ID
--------------------------------------------

bach_846 Segment 42 (red):
    onset_beats duration_beats  midi_pitch ir_symbol
696        74.0            2.0          48        ID
697       74.25           1.75          52        IP
698        76.0            2.0          48        IP
699       76.25           1.75          55        IP
700        78.0            2.0          48         R
701       78.25           1.75          55         R
--------------------------------------------

bach_846 Segment 43 (red):
    onset_beats duration_beats  midi_pitch ir_symbol
702        80.0            2.0          41         R
703       80.25           1.75          53        ID
704        82.0            2.0          41        ID
705       82.25           1.75          53        ID
706        84.0            2.0          42        ID
707       84.25           1.75          48        ID
708        86.0            2.0          42        ID
709       86.25           1.75          48        IP
--------------------------------------------

bach_846 Segment 44 (red):
    onset_beats duration_beats  midi_pitch ir_symbol
710        88.0            2.0          44        IP
711       88.25           1.75          53        IP
712        90.0            2.0          44        IP
713       90.25           1.75          53        IP
714        92.0            2.0          43        IP
715       92.25           1.75          53        ID
716        94.0            2.0          43        ID
717       94.25           1.75          53        ID
718        96.0            2.0          43        ID
719       96.25           1.75          52        ID
720        98.0            2.0          43        ID
721       98.25           1.75          52        IP
722       100.0            2.0          43        IP
723      100.25           1.75          50        IP
--------------------------------------------

bach_846 Segment 45 (red):
    onset_beats duration_beats  midi_pitch ir_symbol
724       102.0            2.0          43        ID
725      102.25           1.75          50        ID
726       104.0            2.0          43        ID
727      104.25           1.75          50        ID
728       106.0            2.0          43        ID
729      106.25           1.75          50        ID
730       108.0            2.0          43        ID
731      108.25           1.75          51        ID
732       110.0            2.0          43        ID
733      110.25           1.75          51        IP
734       112.0            2.0          43        IP
735      112.25           1.75          52        IP
736       114.0            2.0          43        ID
737      114.25           1.75          52        ID
738       116.0            2.0          43        ID
739      116.25           1.75          50        ID
--------------------------------------------

bach_846 Segment 46 (red):
    onset_beats duration_beats  midi_pitch ir_symbol
740       118.0            2.0          43        ID
741      118.25           1.75          50        ID
742       120.0            2.0          43        ID
743      120.25           1.75          50        ID
744       122.0            2.0          43        ID
745      122.25           1.75          50        IP
--------------------------------------------

bach_846 Segment 47 (red):
    onset_beats duration_beats  midi_pitch ir_symbol
746       124.0            2.0          36        IP
747      124.25           1.75          48        IP
748       126.0            2.0          36        ID
749      126.25           1.75          48        ID
750       128.0           3.75          36        ID
751      128.25            3.5          48         M
752      131.75           0.25           0      rest
753       132.0           3.75          36         d
754      132.25            3.5          50         d
755      135.75           0.25           0      rest
756       136.0           2.75          36         M
757      138.75           1.25           0      rest
--------------------------------------------

